Pi	CntProbe	CntProbeLmt	IsCensored	Seed	Error	OFTol	Significant Figures:	
3.1428571429	11.0	100000000	False	4301594	0.0012644893	0.05	1	
3.1428571429	11.0	100000000	False	3684987	0.0012644893	0.05	1	
3.1428571429	11.0	100000000	False	3830703	0.0012644893	0.05	1	
3.1333333333	94.0	100000000	False	6483166	-0.0082593203	0.05	1	
3.0769230769	20.0	100000000	False	1358497	-0.0646695767	0.05	1	
3.0909090909	17.0	100000000	False	8660883	-0.0506835627	0.05	1	
3.1428571429	11.0	100000000	False	6394056	0.0012644893	0.05	1	
3.0625	49.0	100000000	False	5264994	-0.0790926536	0.05	1	
3.1320754717	83.0	100000000	False	3562131	-0.0095171819	0.05	1	
3.0769230769	60.0	100000000	False	1458773	-0.0646695767	0.05	1	
3.1475409836	96.0	100000000	False	4113351	0.00594833	0.05	1	
3.0515463918	148.0	100000000	False	6139650	-0.0900462618	0.05	1	
3.0526315789	116.0	100000000	False	1052027	-0.0889610746	0.05	1	
3.1428571429	22.0	100000000	False	5029533	0.0012644893	0.05	1	
3.0588235294	156.0	100000000	False	5301132	-0.0827691242	0.05	1	
3.1428571429	11.0	100000000	False	3188538	0.0012644893	0.05	1	
3.1111111111	14.0	100000000	False	4920767	-0.0304815425	0.05	1	
3.1111111111	42.0	100000000	False	2670090	-0.0304815425	0.05	1	
3.0909090909	17.0	100000000	False	1912860	-0.0506835627	0.05	1	
3.1428571429	11.0	100000000	False	1083188	0.0012644893	0.05	1	
3.0516431925	325.0	100000000	False	5061512	-0.0899494611	0.05	1	
3.1428571429	11.0	100000000	False	8739923	0.0012644893	0.05	1	
3.1428571429	22.0	100000000	False	99857	0.0012644893	0.05	1	
3.1363636364	69.0	100000000	False	2228551	-0.0052290172	0.05	1	
3.1428571429	11.0	100000000	False	9050392	0.0012644893	0.05	1	
3.12	39.0	100000000	False	9631439	-0.0215926536	0.05	1	
3.125	25.0	100000000	False	5586327	-0.0165926536	0.05	1	
3.125	25.0	100000000	False	6212482	-0.0165926536	0.05	1	
3.0588235294	52.0	100000000	False	9646481	-0.0827691242	0.05	1	
3.0909090909	17.0	100000000	False	4643199	-0.0506835627	0.05	1	
3.0833333333	37.0	100000000	False	2930904	-0.0582593203	0.05	1	
3.1498944405	4476.0	100000000	False	1210345	0.0083017869	0.05	1	
3.1428571429	11.0	100000000	False	9413805	0.0012644893	0.05	1	
3.1111111111	28.0	100000000	False	9274288	-0.0304815425	0.05	1	
3.1111111111	14.0	100000000	False	1940364	-0.0304815425	0.05	1	
3.1428571429	11.0	100000000	False	6928246	0.0012644893	0.05	1	
3.0500715308	1066.0	100000000	False	2630207	-0.0915211228	0.05	1	
3.125	25.0	100000000	False	6155560	-0.0165926536	0.05	1	
3.1428571429	11.0	100000000	False	239240	0.0012644893	0.05	1	
3.0967741935	48.0	100000000	False	8354650	-0.04481846	0.05	1	
3.0507328072	1353.0	100000000	False	2881675	-0.0908598464	0.05	1	
3.0769230769	20.0	100000000	False	4482941	-0.0646695767	0.05	1	
3.1428571429	11.0	100000000	False	6897572	0.0012644893	0.05	1	
3.1481481481	85.0	100000000	False	8695473	0.0065554946	0.05	1	
3.0769230769	20.0	100000000	False	5333663	-0.0646695767	0.05	1	
3.0769230769	20.0	100000000	False	9074720	-0.0646695767	0.05	1	
3.1428571429	11.0	100000000	False	4018344	0.0012644893	0.05	1	
3.1428571429	11.0	100000000	False	816006	0.0012644893	0.05	1	
3.0769230769	20.0	100000000	False	4655367	-0.0646695767	0.05	1	
3.1428571429	11.0	100000000	False	2800197	0.0012644893	0.05	1	
3.0769230769	20.0	100000000	False	7730847	-0.0646695767	0.05	1	
3.0909090909	17.0	100000000	False	5964010	-0.0506835627	0.05	1	
3.1111111111	14.0	100000000	False	3579653	-0.0304815425	0.05	1	
3.1428571429	11.0	100000000	False	5805517	0.0012644893	0.05	1	
3.0909090909	17.0	100000000	False	3567472	-0.0506835627	0.05	1	
3.0769230769	20.0	100000000	False	3503472	-0.0646695767	0.05	1	
3.1428571429	11.0	100000000	False	2833016	0.0012644893	0.05	1	
3.0588235294	52.0	100000000	False	5294760	-0.0827691242	0.05	1	
3.0588235294	26.0	100000000	False	5675431	-0.0827691242	0.05	1	
3.1111111111	14.0	100000000	False	9707523	-0.0304815425	0.05	1	
3.1428571429	11.0	100000000	False	6163769	0.0012644893	0.05	1	
3.1	31.0	100000000	False	3404826	-0.0415926536	0.05	1	
3.0566037736	81.0	100000000	False	6370031	-0.08498888	0.05	1	
3.1428571429	11.0	100000000	False	7445126	0.0012644893	0.05	1	
3.1428571429	11.0	100000000	False	6355070	0.0012644893	0.05	1	
3.1428571429	11.0	100000000	False	6767299	0.0012644893	0.05	1	
3.0666666667	23.0	100000000	False	3029632	-0.0749259869	0.05	1	
3.1450381679	206.0	100000000	False	8696879	0.0034455143	0.05	1	
3.0909090909	34.0	100000000	False	986621	-0.0506835627	0.05	1	
3.0746268657	103.0	100000000	False	4396470	-0.0669657879	0.05	1	
3.1111111111	14.0	100000000	False	9474784	-0.0304815425	0.05	1	
3.1428571429	11.0	100000000	False	6961288	0.0012644893	0.05	1	
3.1111111111	14.0	100000000	False	9171043	-0.0304815425	0.05	1	
3.0909090909	17.0	100000000	False	3493336	-0.0506835627	0.05	1	
3.1428571429	11.0	100000000	False	4438683	0.0012644893	0.05	1	
3.12	39.0	100000000	False	1006076	-0.0215926536	0.05	1	
3.1111111111	14.0	100000000	False	2743410	-0.0304815425	0.05	1	
3.1428571429	55.0	100000000	False	1121729	0.0012644893	0.05	1	
3.1428571429	11.0	100000000	False	3718035	0.0012644893	0.05	1	
3.0769230769	40.0	100000000	False	7367346	-0.0646695767	0.05	1	
3.1111111111	14.0	100000000	False	4009987	-0.0304815425	0.05	1	
3.1	31.0	100000000	False	7794913	-0.0415926536	0.05	1	
3.0769230769	40.0	100000000	False	2605286	-0.0646695767	0.05	1	
3.1428571429	11.0	100000000	False	671302	0.0012644893	0.05	1	
3.0833333333	37.0	100000000	False	5292995	-0.0582593203	0.05	1	
3.1428571429	11.0	100000000	False	3342332	0.0012644893	0.05	1	
3.1428571429	22.0	100000000	False	5276362	0.0012644893	0.05	1	
3.0909090909	17.0	100000000	False	1259914	-0.0506835627	0.05	1	
3.1428571429	11.0	100000000	False	9736546	0.0012644893	0.05	1	
3.0952380952	65.0	100000000	False	9986908	-0.0463545584	0.05	1	
3.0526315789	406.0	100000000	False	1976312	-0.0889610746	0.05	1	
3.1428571429	11.0	100000000	False	8492405	0.0012644893	0.05	1	
3.1445086705	272.0	100000000	False	8589882	0.0029160169	0.05	1	
3.1428571429	11.0	100000000	False	8829911	0.0012644893	0.05	1	
3.125	50.0	100000000	False	6047093	-0.0165926536	0.05	1	
3.0909090909	34.0	100000000	False	593557	-0.0506835627	0.05	1	
3.1475409836	192.0	100000000	False	8961288	0.00594833	0.05	1	
3.1428571429	11.0	100000000	False	1594789	0.0012644893	0.05	1	
3.1111111111	28.0	100000000	False	7957606	-0.0304815425	0.05	1	
3.0769230769	20.0	100000000	False	3486561	-0.0646695767	0.05	1	
3.1428571429	154.0	100000000	False	7798624	0.0012644893	0.005	2	
3.1428571429	44.0	100000000	False	7509336	0.0012644893	0.005	2	
3.1395348837	135.0	100000000	False	6850649	-0.0020577699	0.005	2	
3.1428571429	11.0	100000000	False	3486805	0.0012644893	0.005	2	
3.1370558376	309.0	100000000	False	9097365	-0.004536816	0.005	2	
3.1428571429	44.0	100000000	False	6620482	0.0012644893	0.005	2	
3.1351351351	58.0	100000000	False	9028500	-0.0064575185	0.005	2	
3.1401869159	168.0	100000000	False	851229	-0.0014057377	0.005	2	
3.1428571429	11.0	100000000	False	5887640	0.0012644893	0.005	2	
3.1428571429	11.0	100000000	False	9166103	0.0012644893	0.005	2	
3.1428571429	176.0	100000000	False	3090280	0.0012644893	0.005	2	
3.1428571429	22.0	100000000	False	6767259	0.0012644893	0.005	2	
3.1428571429	11.0	100000000	False	115201	0.0012644893	0.005	2	
3.1428571429	44.0	100000000	False	6083391	0.0012644893	0.005	2	
3.1428571429	11.0	100000000	False	3013966	0.0012644893	0.005	2	
3.1441753172	1363.0	100000000	False	3683993	0.0025826636	0.005	2	
3.1351351351	58.0	100000000	False	1535388	-0.0064575185	0.005	2	
3.1428571429	22.0	100000000	False	2783765	0.0012644893	0.005	2	
3.1428571429	99.0	100000000	False	9970687	0.0012644893	0.005	2	
3.1428571429	22.0	100000000	False	5897629	0.0012644893	0.005	2	
3.1428571429	88.0	100000000	False	4134169	0.0012644893	0.005	2	
3.1351351351	58.0	100000000	False	7288047	-0.0064575185	0.005	2	
3.1428571429	11.0	100000000	False	4616720	0.0012644893	0.005	2	
3.1428571429	110.0	100000000	False	3412539	0.0012644893	0.005	2	
3.1428571429	22.0	100000000	False	3721663	0.0012644893	0.005	2	
3.1434977578	701.0	100000000	False	4948332	0.0019051043	0.005	2	
3.1428571429	33.0	100000000	False	5264026	0.0012644893	0.005	2	
3.1441860465	338.0	100000000	False	6978358	0.0025933929	0.005	2	
3.1428571429	11.0	100000000	False	5849914	0.0012644893	0.005	2	
3.1428571429	11.0	100000000	False	6906944	0.0012644893	0.005	2	
3.1428571429	11.0	100000000	False	8885900	0.0012644893	0.005	2	
3.1428571429	22.0	100000000	False	3283936	0.0012644893	0.005	2	
3.1428571429	11.0	100000000	False	7348014	0.0012644893	0.005	2	
3.1447963801	695.0	100000000	False	2164281	0.0032037265	0.005	2	
3.135186355	14889.0	100000000	False	1380951	-0.0064062986	0.005	2	
3.1428571429	22.0	100000000	False	4663271	0.0012644893	0.005	2	
3.1358024691	127.0	100000000	False	428040	-0.0057901845	0.005	2	
3.141025641	245.0	100000000	False	6224981	-0.0005670126	0.005	2	
3.1365638767	356.0	100000000	False	1095135	-0.0050287769	0.005	2	
3.1428571429	55.0	100000000	False	5330679	0.0012644893	0.005	2	
3.1428571429	11.0	100000000	False	3430913	0.0012644893	0.005	2	
3.1428571429	22.0	100000000	False	6681311	0.0012644893	0.005	2	
3.1428571429	11.0	100000000	False	5259936	0.0012644893	0.005	2	
3.1428571429	11.0	100000000	False	9866753	0.0012644893	0.005	2	
3.1428571429	22.0	100000000	False	7224645	0.0012644893	0.005	2	
3.1428571429	55.0	100000000	False	7922753	0.0012644893	0.005	2	
3.1355674029	4117.0	100000000	False	103776	-0.0060252507	0.005	2	
3.1440107672	1168.0	100000000	False	5536011	0.0024181136	0.005	2	
3.1428571429	132.0	100000000	False	7070583	0.0012644893	0.005	2	
3.1428571429	22.0	100000000	False	7004683	0.0012644893	0.005	2	
3.1397849462	146.0	100000000	False	2611502	-0.0018077074	0.005	2	
3.1428571429	33.0	100000000	False	7826796	0.0012644893	0.005	2	
3.1428571429	33.0	100000000	False	8300304	0.0012644893	0.005	2	
3.1428571429	99.0	100000000	False	8421340	0.0012644893	0.005	2	
3.1428571429	11.0	100000000	False	7198414	0.0012644893	0.005	2	
3.1351351351	58.0	100000000	False	4641327	-0.0064575185	0.005	2	
3.1428571429	55.0	100000000	False	1864919	0.0012644893	0.005	2	
3.1428571429	22.0	100000000	False	4293290	0.0012644893	0.005	2	
3.1428571429	99.0	100000000	False	1865973	0.0012644893	0.005	2	
3.1428571429	11.0	100000000	False	2401080	0.0012644893	0.005	2	
3.1428571429	11.0	100000000	False	163299	0.0012644893	0.005	2	
3.137254902	640.0	100000000	False	6082172	-0.0043377516	0.005	2	
3.1442307692	327.0	100000000	False	2473270	0.0026381156	0.005	2	
3.1428571429	44.0	100000000	False	1341042	0.0012644893	0.005	2	
3.1428571429	11.0	100000000	False	7440170	0.0012644893	0.005	2	
3.1428571429	22.0	100000000	False	5546537	0.0012644893	0.005	2	
3.1428571429	22.0	100000000	False	3902449	0.0012644893	0.005	2	
3.1428571429	11.0	100000000	False	8333265	0.0012644893	0.005	2	
3.1428571429	33.0	100000000	False	9872119	0.0012644893	0.005	2	
3.1428571429	33.0	100000000	False	2884720	0.0012644893	0.005	2	
3.1428571429	11.0	100000000	False	7257278	0.0012644893	0.005	2	
3.1428571429	22.0	100000000	False	9530169	0.0012644893	0.005	2	
3.1428571429	22.0	100000000	False	9526507	0.0012644893	0.005	2	
3.1428571429	11.0	100000000	False	6752561	0.0012644893	0.005	2	
3.1428571429	55.0	100000000	False	5297230	0.0012644893	0.005	2	
3.1428571429	11.0	100000000	False	297067	0.0012644893	0.005	2	
3.1428571429	110.0	100000000	False	9407801	0.0012644893	0.005	2	
3.1428571429	55.0	100000000	False	191687	0.0012644893	0.005	2	
3.1438356164	459.0	100000000	False	277304	0.0022429628	0.005	2	
3.1350613915	2298.0	100000000	False	9779546	-0.006531262	0.005	2	
3.1351351351	696.0	100000000	False	2366444	-0.0064575185	0.005	2	
3.1428571429	11.0	100000000	False	7976299	0.0012644893	0.005	2	
3.1428571429	22.0	100000000	False	4738942	0.0012644893	0.005	2	
3.1392405063	124.0	100000000	False	2647767	-0.0023521473	0.005	2	
3.1390728477	711.0	100000000	False	1443178	-0.0025198059	0.005	2	
3.1351351351	58.0	100000000	False	1273029	-0.0064575185	0.005	2	
3.140625	402.0	100000000	False	305714	-0.0009676536	0.005	2	
3.1363636364	552.0	100000000	False	6445757	-0.0052290172	0.005	2	
3.1447715736	7744.0	100000000	False	7657266	0.00317892	0.005	2	
3.1428571429	22.0	100000000	False	3486025	0.0012644893	0.005	2	
3.1428571429	11.0	100000000	False	864512	0.0012644893	0.005	2	
3.1434689507	734.0	100000000	False	3194192	0.0018762972	0.005	2	
3.1428571429	22.0	100000000	False	1320946	0.0012644893	0.005	2	
3.1428571429	22.0	100000000	False	752868	0.0012644893	0.005	2	
3.1428571429	99.0	100000000	False	6311631	0.0012644893	0.005	2	
3.1449347215	9515.0	100000000	False	9072380	0.0033420679	0.005	2	
3.1428571429	11.0	100000000	False	9961911	0.0012644893	0.005	2	
3.1428571429	33.0	100000000	False	3587019	0.0012644893	0.005	2	
3.1428571429	11.0	100000000	False	1914267	0.0012644893	0.005	2	
3.1428571429	407.0	100000000	False	6515830	0.0012644893	0.005	2	
3.1416430595	1109.0	100000000	False	6162008	5.04059e-05	0.0005	3	
3.1417112299	1175.0	100000000	False	7367501	0.0001185764	0.0005	3	
3.1415525114	344.0	100000000	False	5838917	-4.01422e-05	0.0005	3	
3.1421319797	619.0	100000000	False	3868489	0.0005393261	0.0005	3	
3.1418439716	443.0	100000000	False	9728050	0.000251318	0.0005	3	
3.1416752844	3038.0	100000000	False	2810185	8.26308e-05	0.0005	3	
3.141509434	333.0	100000000	False	1427039	-8.32196e-05	0.0005	3	
3.1422222222	707.0	100000000	False	5455933	0.0006295686	0.0005	3	
3.1423290203	850.0	100000000	False	5765551	0.0007363667	0.0005	3	
3.1417322835	399.0	100000000	False	1464449	0.0001396299	0.0005	3	
3.141509434	333.0	100000000	False	4836674	-8.32196e-05	0.0005	3	
3.141509434	333.0	100000000	False	3683621	-8.32196e-05	0.0005	3	
3.1421686747	652.0	100000000	False	6202906	0.0005760211	0.0005	3	
3.1416122004	721.0	100000000	False	3872708	1.95468e-05	0.0005	3	
3.1417624521	410.0	100000000	False	6794695	0.0001697985	0.0005	3	
3.1424465027	9839.0	100000000	False	4203872	0.0008538491	0.0005	3	
3.1417769376	831.0	100000000	False	4721755	0.000184284	0.0005	3	
3.1419884463	5167.0	100000000	False	8335407	0.0003957927	0.0005	3	
3.1415700407	40099.0	100000000	False	2087893	-2.26129e-05	0.0005	3	
3.1420982736	1183.0	100000000	False	1041938	0.00050562	0.0005	3	
3.1418439716	886.0	100000000	False	8132954	0.000251318	0.0005	3	
3.142461964	1136.0	100000000	False	8454057	0.0008693104	0.0005	3	
3.1424137931	9113.0	100000000	False	3958669	0.0008211395	0.0005	3	
3.1419053964	2358.0	100000000	False	7370854	0.0003127428	0.0005	3	
3.1421528348	1912.0	100000000	False	4940061	0.0005601812	0.0005	3	
3.1419939577	520.0	100000000	False	41394	0.0004013041	0.0005	3	
3.1422764228	773.0	100000000	False	9397010	0.0006837692	0.0005	3	
3.1415072445	94751.0	100000000	False	5001092	-8.54091e-05	0.0005	3	
3.1415929204	355.0	100000000	False	5800555	2.668e-07	0.0005	3	
3.1417475728	809.0	100000000	False	8103692	0.0001549192	0.0005	3	
3.1424836601	1202.0	100000000	False	6129809	0.0008910065	0.0005	3	
3.1421319797	619.0	100000000	False	5610497	0.0005393261	0.0005	3	
3.1421446384	630.0	100000000	False	8366008	0.0005519848	0.0005	3	
3.1418826739	2303.0	100000000	False	7464353	0.0002900204	0.0005	3	
3.1422505308	740.0	100000000	False	2008621	0.0006578772	0.0005	3	
3.141512909	93815.0	100000000	False	8628481	-7.97446e-05	0.0005	3	
3.1424164524	12224.0	100000000	False	4583847	0.0008237989	0.0005	3	
3.141555839	8622.0	100000000	False	2905720	-3.68146e-05	0.0005	3	
3.1419354839	974.0	100000000	False	9898607	0.0003428303	0.0005	3	
3.1419753086	509.0	100000000	False	3258250	0.0003826551	0.0005	3	
3.1419753086	509.0	100000000	False	2381292	0.0003826551	0.0005	3	
3.1420454545	553.0	100000000	False	3194663	0.000452801	0.0005	3	
3.1424936387	2470.0	100000000	False	7750463	0.0009009851	0.0005	3	
3.1420247633	2157.0	100000000	False	2581111	0.0004321097	0.0005	3	
3.1419865935	2578.0	100000000	False	3583768	0.00039394	0.0005	3	
3.1423848878	13308.0	100000000	False	4657691	0.0007922342	0.0005	3	
3.1419939577	520.0	100000000	False	503422	0.0004013041	0.0005	3	
3.1424375918	1070.0	100000000	False	362362	0.0008449382	0.0005	3	
3.1415090032	206394.0	100000000	False	337002	-8.36504e-05	0.0005	3	
3.1418181818	864.0	100000000	False	6889648	0.0002255282	0.0005	3	
3.1415525114	344.0	100000000	False	6726767	-4.01422e-05	0.0005	3	
3.1422222222	707.0	100000000	False	666783	0.0006295686	0.0005	3	
3.1417004049	388.0	100000000	False	3002280	0.0001077513	0.0005	3	
3.1422319475	1436.0	100000000	False	5343947	0.0006392939	0.0005	3	
3.1421319797	619.0	100000000	False	559940	0.0005393261	0.0005	3	
3.1420612813	564.0	100000000	False	5853986	0.0004686277	0.0005	3	
3.1423290203	850.0	100000000	False	2190287	0.0007363667	0.0005	3	
3.1423757372	1865.0	100000000	False	4657240	0.0007830836	0.0005	3	
3.1418047882	853.0	100000000	False	9753233	0.0002121346	0.0005	3	
3.1415525114	344.0	100000000	False	5083514	-4.01422e-05	0.0005	3	
3.1418975651	1871.0	100000000	False	7417162	0.0003049115	0.0005	3	
3.1415138693	3341.0	100000000	False	823297	-7.87843e-05	0.0005	3	
3.142499667	2158770.0	100000000	False	5233995	0.0009070134	0.0005	3	
3.1419354839	1461.0	100000000	False	6990355	0.0003428303	0.0005	3	
3.1415525114	344.0	100000000	False	984866	-4.01422e-05	0.0005	3	
3.1417004049	1164.0	100000000	False	7151947	0.0001077513	0.0005	3	
3.1423785595	938.0	100000000	False	4337336	0.0007859059	0.0005	3	
3.1421446384	630.0	100000000	False	5099316	0.0005519848	0.0005	3	
3.141509434	333.0	100000000	False	4581389	-8.32196e-05	0.0005	3	
3.1424749164	2349.0	100000000	False	500173	0.0008822628	0.0005	3	
3.1417108008	9788.0	100000000	False	3590854	0.0001181472	0.0005	3	
3.1421446384	630.0	100000000	False	1024535	0.0005519848	0.0005	3	
3.1419939577	520.0	100000000	False	2999364	0.0004013041	0.0005	3	
3.1416781293	1142.0	100000000	False	6590290	8.54757e-05	0.0005	3	
3.1423001949	806.0	100000000	False	8068304	0.0007075413	0.0005	3	
3.1418020679	2127.0	100000000	False	5607693	0.0002094144	0.0005	3	
3.141548328	17145.0	100000000	False	9592577	-4.43256e-05	0.0005	3	
3.1422505308	740.0	100000000	False	6199298	0.0006578772	0.0005	3	
3.1417550627	1629.0	100000000	False	4070219	0.0001624091	0.0005	3	
3.142071494	1714.0	100000000	False	4174914	0.0004788405	0.0005	3	
3.1424964553	424424.0	100000000	False	6481682	0.0009038017	0.0005	3	
3.1420911528	1172.0	100000000	False	4683545	0.0004984992	0.0005	3	
3.1420331651	2179.0	100000000	False	927504	0.0004405115	0.0005	3	
3.1423611111	1810.0	100000000	False	3708313	0.0007684575	0.0005	3	
3.1419624217	1505.0	100000000	False	5620661	0.0003697681	0.0005	3	
3.1421911422	674.0	100000000	False	5800430	0.0005984886	0.0005	3	
3.1415146345	59838.0	100000000	False	7298128	-7.80191e-05	0.0005	3	
3.1416309013	366.0	100000000	False	1359042	3.82477e-05	0.0005	3	
3.1419939577	1560.0	100000000	False	345710	0.0004013041	0.0005	3	
3.1423149905	828.0	100000000	False	9997147	0.0007223369	0.0005	3	
3.1417218543	2372.0	100000000	False	9204733	0.0001292007	0.0005	3	
3.1416309013	366.0	100000000	False	6801933	3.82477e-05	0.0005	3	
3.1423076923	817.0	100000000	False	6528589	0.0007150387	0.0005	3	
3.1421254802	1227.0	100000000	False	8211080	0.0005328266	0.0005	3	
3.1422845691	784.0	100000000	False	1590264	0.0006919155	0.0005	3	
3.1416309013	366.0	100000000	False	7135689	3.82477e-05	0.0005	3	
3.1420765027	575.0	100000000	False	1317828	0.0004838491	0.0005	3	
3.1417624521	820.0	100000000	False	9910938	0.0001697985	0.0005	3	
3.1422924901	795.0	100000000	False	2077691	0.0006998365	0.0005	3	
3.1424876137	78966.0	100000000	False	69393	0.0008949601	0.0005	3	
3.1416280609	4747.0	100000000	False	8835075	3.54073e-05	5e-05	4	
3.1415715893	48875.0	100000000	False	206997	-2.10643e-05	5e-05	4	
3.1416405199	7009.0	100000000	False	7721195	4.78664e-05	5e-05	4	
3.1415776241	19993.0	100000000	False	6544386	-1.50295e-05	5e-05	4	
3.1415525114	344.0	100000000	False	9473933	-4.01422e-05	5e-05	4	
3.1416176015	5069.0	100000000	False	2726201	2.49479e-05	5e-05	4	
3.14160401	2507.0	100000000	False	7262263	1.13564e-05	5e-05	4	
3.1415525114	688.0	100000000	False	1836278	-4.01422e-05	5e-05	4	
3.1415523049	69477.0	100000000	False	3334449	-4.03486e-05	5e-05	4	
3.1415730337	3495.0	100000000	False	4812429	-1.96199e-05	5e-05	4	
3.1416216216	1453.0	100000000	False	3585287	2.8968e-05	5e-05	4	
3.1416309013	366.0	100000000	False	9724875	3.82477e-05	5e-05	4	
3.141564318	2430.0	100000000	False	903044	-2.83356e-05	5e-05	4	
3.1415525114	688.0	100000000	False	3909045	-4.01422e-05	5e-05	4	
3.1415594247	2075.0	100000000	False	3502313	-3.32289e-05	5e-05	4	
3.1415525114	688.0	100000000	False	4499347	-4.01422e-05	5e-05	4	
3.1416457532	421246.0	100000000	False	880022	5.30996e-05	5e-05	4	
3.1416122004	2163.0	100000000	False	5439314	1.95468e-05	5e-05	4	
3.1415765427	54321.0	100000000	False	8679624	-1.61109e-05	5e-05	4	
3.1416312407	79444.0	100000000	False	8867656	3.85871e-05	5e-05	4	
3.1415863603	2119.0	100000000	False	1210710	-6.2933e-06	5e-05	4	
3.1415525114	688.0	100000000	False	7060954	-4.01422e-05	5e-05	4	
3.1416413374	5168.0	100000000	False	9385963	4.86838e-05	5e-05	4	
3.1416007036	1786.0	100000000	False	4568997	8.05e-06	5e-05	4	
3.1416482238	233514.0	100000000	False	6962335	5.55702e-05	5e-05	4	
3.1415525114	688.0	100000000	False	7349109	-4.01422e-05	5e-05	4	
3.1416067521	5025.0	100000000	False	9774693	1.40985e-05	5e-05	4	
3.1416390336	3316.0	100000000	False	960421	4.638e-05	5e-05	4	
3.1415929204	3550.0	100000000	False	4316049	2.668e-07	5e-05	4	
3.1416122004	3605.0	100000000	False	8774234	1.95468e-05	5e-05	4	
3.1415525114	1376.0	100000000	False	868501	-4.01422e-05	5e-05	4	
3.1416309013	1098.0	100000000	False	1404971	3.82477e-05	5e-05	4	
3.1416454623	3704.0	100000000	False	1477503	5.28087e-05	5e-05	4	
3.1416454623	1852.0	100000000	False	2538567	5.28087e-05	5e-05	4	
3.1415929204	710.0	100000000	False	6519054	2.668e-07	5e-05	4	
3.141647443	496407.0	100000000	False	2738902	5.47894e-05	5e-05	4	
3.1415628539	1387.0	100000000	False	3836187	-2.97997e-05	5e-05	4	
3.1415584416	2419.0	100000000	False	1044982	-3.4212e-05	5e-05	4	
3.1415903045	10628.0	100000000	False	8395974	-2.3491e-06	5e-05	4	
3.1415525114	344.0	100000000	False	4662808	-4.01422e-05	5e-05	4	
3.1416149068	2529.0	100000000	False	76662	2.22532e-05	5e-05	4	
3.1416304288	57074.0	100000000	False	6242747	3.77752e-05	5e-05	4	
3.1416122004	2884.0	100000000	False	9691548	1.95468e-05	5e-05	4	
3.1416490486	7430.0	100000000	False	4938266	5.6395e-05	5e-05	4	
3.1415662651	1043.0	100000000	False	1796478	-2.63885e-05	5e-05	4	
3.1415929204	355.0	100000000	False	7924737	2.668e-07	5e-05	4	
3.1415525114	1032.0	100000000	False	8984374	-4.01422e-05	5e-05	4	
3.1415665743	15301.0	100000000	False	7738654	-2.60793e-05	5e-05	4	
3.1415591496	8644.0	100000000	False	7804418	-3.3504e-05	5e-05	4	
3.1416430595	4436.0	100000000	False	6965402	5.04059e-05	5e-05	4	
3.1416430595	1109.0	100000000	False	1959404	5.04059e-05	5e-05	4	
3.1415525114	2064.0	100000000	False	1834199	-4.01422e-05	5e-05	4	
3.1416292975	8407.0	100000000	False	6600770	3.66439e-05	5e-05	4	
3.1416239547	5823.0	100000000	False	8749759	3.13011e-05	5e-05	4	
3.1415816327	12315.0	100000000	False	6377656	-1.10209e-05	5e-05	4	
3.1415698364	6624.0	100000000	False	614997	-2.28172e-05	5e-05	4	
3.1415748674	3850.0	100000000	False	6651866	-1.77862e-05	5e-05	4	
3.1415628539	1387.0	100000000	False	7033019	-2.97997e-05	5e-05	4	
3.141635489	2939.0	100000000	False	5079312	4.28355e-05	5e-05	4	
3.1416122004	721.0	100000000	False	7043679	1.95468e-05	5e-05	4	
3.1416309013	732.0	100000000	False	474723	3.82477e-05	5e-05	4	
3.1416184971	2174.0	100000000	False	8699652	2.58435e-05	5e-05	4	
3.1416122004	721.0	100000000	False	315789	1.95468e-05	5e-05	4	
3.1416382253	1841.0	100000000	False	3768226	4.55717e-05	5e-05	4	
3.1416309013	1830.0	100000000	False	6887261	3.82477e-05	5e-05	4	
3.1416309013	366.0	100000000	False	4994377	3.82477e-05	5e-05	4	
3.1416216216	1453.0	100000000	False	2306422	2.8968e-05	5e-05	4	
3.1415724213	11528.0	100000000	False	7809611	-2.02323e-05	5e-05	4	
3.1415628539	1387.0	100000000	False	6163912	-2.97997e-05	5e-05	4	
3.1416249304	11291.0	100000000	False	7597163	3.22768e-05	5e-05	4	
3.1416021374	34688.0	100000000	False	5418140	9.4838e-06	5e-05	4	
3.1415662651	1043.0	100000000	False	737364	-2.63885e-05	5e-05	4	
3.1416309013	366.0	100000000	False	3174201	3.82477e-05	5e-05	4	
3.1415617128	3118.0	100000000	False	8500911	-3.09407e-05	5e-05	4	
3.1415873016	2474.0	100000000	False	543902	-5.352e-06	5e-05	4	
3.1415730337	699.0	100000000	False	5691162	-1.96199e-05	5e-05	4	
3.1416443253	7031.0	100000000	False	2915854	5.16717e-05	5e-05	4	
3.1415525114	344.0	100000000	False	5426069	-4.01422e-05	5e-05	4	
3.141617357	7964.0	100000000	False	8825491	2.47034e-05	5e-05	4	
3.1415929204	355.0	100000000	False	6525182	2.668e-07	5e-05	4	
3.1416216216	2906.0	100000000	False	3782615	2.8968e-05	5e-05	4	
3.1416122004	721.0	100000000	False	9168701	1.95468e-05	5e-05	4	
3.1415525114	1376.0	100000000	False	1722160	-4.01422e-05	5e-05	4	
3.1416070008	3949.0	100000000	False	8002347	1.43472e-05	5e-05	4	
3.1415525114	344.0	100000000	False	3444114	-4.01422e-05	5e-05	4	
3.1415963162	40935.0	100000000	False	9659097	3.6626e-06	5e-05	4	
3.1415778252	7367.0	100000000	False	6220243	-1.48284e-05	5e-05	4	
3.1415929204	355.0	100000000	False	4026989	2.668e-07	5e-05	4	
3.1416309013	732.0	100000000	False	4865880	3.82477e-05	5e-05	4	
3.1416342412	4037.0	100000000	False	6862656	4.15877e-05	5e-05	4	
3.1415929204	710.0	100000000	False	2746156	2.668e-07	5e-05	4	
3.1415525114	344.0	100000000	False	4593373	-4.01422e-05	5e-05	4	
3.1416490486	743.0	100000000	False	9756608	5.6395e-05	5e-05	4	
3.1416309013	3660.0	100000000	False	6371402	3.82477e-05	5e-05	4	
3.1415913309	26237.0	100000000	False	6553455	-1.3227e-06	5e-05	4	
3.1416366053	16547.0	100000000	False	16773	4.39517e-05	5e-05	4	
3.1415929204	355.0	100000000	False	979117	2.668e-07	5e-05	4	
3.1416309013	1098.0	100000000	False	8979864	3.82477e-05	5e-05	4	
3.1415929204	1775.0	100000000	False	6094035	2.668e-07	5e-05	4	
3.1416309013	2562.0	100000000	False	4628684	3.82477e-05	5e-05	4	
3.1415948067	162122.0	100000000	False	9033052	2.1531e-06	5e-06	5	
3.1415855355	16941.0	100000000	False	967686	-7.1181e-06	5e-06	5	
3.1415929204	355.0	100000000	False	874149	2.668e-07	5e-06	5	
3.1415929204	1065.0	100000000	False	2955442	2.668e-07	5e-06	5	
3.1415901172	4959.0	100000000	False	9505274	-2.5364e-06	5e-06	5	
3.1415891801	7433.0	100000000	False	4887385	-3.4735e-06	5e-06	5	
3.1415945498	51186.0	100000000	False	5795489	1.8962e-06	5e-06	5	
3.1415929204	1065.0	100000000	False	4086029	2.668e-07	5e-06	5	
3.14159395	13501.0	100000000	False	6878633	1.2964e-06	5e-06	5	
3.1415912156	8154.0	100000000	False	396116	-1.438e-06	5e-06	5	
3.1415935951	20601.0	100000000	False	5269314	9.415e-07	5e-06	5	
3.1415929204	1420.0	100000000	False	3237343	2.668e-07	5e-06	5	
3.1415909595	7089.0	100000000	False	1611588	-1.6941e-06	5e-06	5	
3.1415874145	17673.0	100000000	False	2933956	-5.2391e-06	5e-06	5	
3.1415869334	16253.0	100000000	False	7742678	-5.7202e-06	5e-06	5	
3.1415944246	9241.0	100000000	False	3750299	1.771e-06	5e-06	5	
3.1415855355	5647.0	100000000	False	7992558	-7.1181e-06	5e-06	5	
3.141588785	6723.0	100000000	False	7126189	-3.8685e-06	5e-06	5	
3.1415929204	355.0	100000000	False	1619046	2.668e-07	5e-06	5	
3.1415929204	2485.0	100000000	False	8659608	2.668e-07	5e-06	5	
3.1415929204	4615.0	100000000	False	1365802	2.668e-07	5e-06	5	
3.1415929204	355.0	100000000	False	5180280	2.668e-07	5e-06	5	
3.141591138	7799.0	100000000	False	4942836	-1.5156e-06	5e-06	5	
3.1415929204	710.0	100000000	False	8057231	2.668e-07	5e-06	5	
3.1415857605	3883.0	100000000	False	8603643	-6.8931e-06	5e-06	5	
3.1415899011	4604.0	100000000	False	3100510	-2.7525e-06	5e-06	5	
3.141588386	27591.0	100000000	False	485863	-4.2676e-06	5e-06	5	
3.141588912	17340.0	100000000	False	8924459	-3.7416e-06	5e-06	5	
3.141586138	94279.0	100000000	False	354753	-6.5156e-06	5e-06	5	
3.1415929204	8165.0	100000000	False	8591982	2.668e-07	5e-06	5	
3.1415929204	4615.0	100000000	False	9713313	2.668e-07	5e-06	5	
3.1415942826	142864.0	100000000	False	8280457	1.629e-06	5e-06	5	
3.1415929204	1775.0	100000000	False	5516976	2.668e-07	5e-06	5	
3.1415912156	24462.0	100000000	False	7922309	-1.438e-06	5e-06	5	
3.1415893505	19470.0	100000000	False	789303	-3.303e-06	5e-06	5	
3.1415850401	1764.0	100000000	False	1990651	-7.6135e-06	5e-06	5	
3.1415859723	6002.0	100000000	False	3276535	-6.6813e-06	5e-06	5	
3.1415929204	355.0	100000000	False	2459040	2.668e-07	5e-06	5	
3.141592804	477786.0	100000000	False	6194939	1.504e-07	5e-06	5	
3.1415929204	3905.0	100000000	False	2332481	2.668e-07	5e-06	5	
3.1415929204	13845.0	100000000	False	4695615	2.668e-07	5e-06	5	
3.1415893754	50977.0	100000000	False	9097297	-3.2782e-06	5e-06	5	
3.1415862358	18716.0	100000000	False	1568158	-6.4178e-06	5e-06	5	
3.1415929204	1065.0	100000000	False	5802700	2.668e-07	5e-06	5	
3.1415882415	14855.0	100000000	False	9293018	-4.4121e-06	5e-06	5	
3.1415870193	7067.0	100000000	False	627316	-5.6343e-06	5e-06	5	
3.1415929204	4260.0	100000000	False	9247075	2.668e-07	5e-06	5	
3.1415938447	90236.0	100000000	False	5298736	1.1911e-06	5e-06	5	
3.1415850401	1764.0	100000000	False	7067533	-7.6135e-06	5e-06	5	
3.1415944847	8886.0	100000000	False	2757753	1.8311e-06	5e-06	5	
3.1415929204	1775.0	100000000	False	9991897	2.668e-07	5e-06	5	
3.1415859723	12004.0	100000000	False	6081709	-6.6813e-06	5e-06	5	
3.1415907412	19137.0	100000000	False	8467554	-1.9124e-06	5e-06	5	
3.1415929204	355.0	100000000	False	9697628	2.668e-07	5e-06	5	
3.1415929204	4970.0	100000000	False	2937288	2.668e-07	5e-06	5	
3.1415863603	2119.0	100000000	False	2049138	-6.2933e-06	5e-06	5	
3.1415861718	12359.0	100000000	False	7502825	-6.4818e-06	5e-06	5	
3.1415884998	141505.0	100000000	False	6391961	-4.1538e-06	5e-06	5	
3.1415878475	10961.0	100000000	False	8798716	-4.8061e-06	5e-06	5	
3.1415875581	7777.0	100000000	False	3218554	-5.0955e-06	5e-06	5	
3.1415929204	1775.0	100000000	False	6015849	2.668e-07	5e-06	5	
3.1415929204	6035.0	100000000	False	2305853	2.668e-07	5e-06	5	
3.1415850325	4411032.0	100000000	False	813975	-7.6211e-06	5e-06	5	
3.1415929204	4260.0	100000000	False	8880106	2.668e-07	5e-06	5	
3.1415880067	2829.0	100000000	False	7266184	-4.6469e-06	5e-06	5	
3.1415929204	3195.0	100000000	False	201863	2.668e-07	5e-06	5	
3.1415864684	21545.0	100000000	False	2183402	-6.1852e-06	5e-06	5	
3.1415858195	21534.0	100000000	False	2300221	-6.8341e-06	5e-06	5	
3.1415904683	5669.0	100000000	False	7782182	-2.1853e-06	5e-06	5	
3.1415929204	355.0	100000000	False	9565518	2.668e-07	5e-06	5	
3.1415944246	18482.0	100000000	False	5469803	1.771e-06	5e-06	5	
3.1415929204	2840.0	100000000	False	5644432	2.668e-07	5e-06	5	
3.1415946977	46926.0	100000000	False	5230725	2.0441e-06	5e-06	5	
3.1415895062	16286.0	100000000	False	2008824	-3.1474e-06	5e-06	5	
3.1415916955	11349.0	100000000	False	3115851	-9.581e-07	5e-06	5	
3.1415914384	103184.0	100000000	False	8582890	-1.2151e-06	5e-06	5	
3.1415863603	2119.0	100000000	False	6676561	-6.2933e-06	5e-06	5	
3.1415896488	8498.0	100000000	False	3795049	-3.0048e-06	5e-06	5	
3.1415929204	41180.0	100000000	False	3045716	2.668e-07	5e-06	5	
3.1415912637	25172.0	100000000	False	5212107	-1.3899e-06	5e-06	5	
3.1415886948	154618.0	100000000	False	8132238	-3.9587e-06	5e-06	5	
3.1415929204	355.0	100000000	False	833083	2.668e-07	5e-06	5	
3.1415880067	2829.0	100000000	False	363551	-4.6469e-06	5e-06	5	
3.1415929204	14200.0	100000000	False	5041334	2.668e-07	5e-06	5	
3.1415929204	5680.0	100000000	False	4434477	2.668e-07	5e-06	5	
3.1415929204	710.0	100000000	False	2988993	2.668e-07	5e-06	5	
3.1415929204	710.0	100000000	False	3798795	2.668e-07	5e-06	5	
3.1415850401	3528.0	100000000	False	4776970	-7.6135e-06	5e-06	5	
3.1415929204	4970.0	100000000	False	4237451	2.668e-07	5e-06	5	
3.1415929204	355.0	100000000	False	3755447	2.668e-07	5e-06	5	
3.1415929204	355.0	100000000	False	7758592	2.668e-07	5e-06	5	
3.1415929204	7100.0	100000000	False	2529843	2.668e-07	5e-06	5	
3.1415887409	16630.0	100000000	False	8009771	-3.9127e-06	5e-06	5	
3.1415858194	1597399.0	100000000	False	5189445	-6.8342e-06	5e-06	5	
3.1415892387	11327.0	100000000	False	1318214	-3.4149e-06	5e-06	5	
3.1415929204	2840.0	100000000	False	8850175	2.668e-07	5e-06	5	
3.1415890935	69016.0	100000000	False	6053397	-3.5601e-06	5e-06	5	
3.1415946206	8176.0	100000000	False	4303343	1.967e-06	5e-06	5	
3.1415886958	32905.0	100000000	False	5196331	-3.9578e-06	5e-06	5	
3.1415856272	9530.0	100000000	False	6893697	-7.0264e-06	5e-06	5	
3.141593109	147347.0	100000000	False	8025608	4.554e-07	5e-07	6	
3.1415928701	2767470.0	100000000	False	1815216	2.165e-07	5e-07	6	
3.1415929204	6745.0	100000000	False	3878283	2.668e-07	5e-07	6	
3.1415929204	5325.0	100000000	False	9475783	2.668e-07	5e-07	6	
3.1415929204	24850.0	100000000	False	8448476	2.668e-07	5e-07	6	
3.1415929204	1420.0	100000000	False	3014571	2.668e-07	5e-07	6	
3.1415925401	73108.0	100000000	False	4193563	-1.135e-07	5e-07	6	
3.1415925856	41524.0	100000000	False	5881897	-6.8e-08	5e-07	6	
3.1415929204	2840.0	100000000	False	3410969	2.668e-07	5e-07	6	
3.1415925039	667535.0	100000000	False	2423613	-1.497e-07	5e-07	6	
3.1415929204	355.0	100000000	False	6542058	2.668e-07	5e-07	6	
3.1415929204	10295.0	100000000	False	3715318	2.668e-07	5e-07	6	
3.1415929204	8520.0	100000000	False	2340601	2.668e-07	5e-07	6	
3.141592618	2022661.0	100000000	False	6816372	-3.56e-08	5e-07	6	
3.1415925819	1519703.0	100000000	False	7713481	-7.17e-08	5e-07	6	
3.1415929204	5680.0	100000000	False	2772708	2.668e-07	5e-07	6	
3.1409445634	100000000.0	100000000	True	8309663	-0.0006480902	5e-07	6	
3.1415932361	44031.0	100000000	False	7671216	5.825e-07	5e-07	6	
3.1415932215	230805.0	100000000	False	5604104	5.679e-07	5e-07	6	
3.141593392	29476.0	100000000	False	6356562	7.384e-07	5e-07	6	
3.1415932992	1394503.0	100000000	False	335957	6.456e-07	5e-07	6	
3.1415928361	1980768.0	100000000	False	5599458	1.825e-07	5e-07	6	
3.1415929204	2840.0	100000000	False	5255469	2.668e-07	5e-07	6	
3.1415929204	355.0	100000000	False	3518416	2.668e-07	5e-07	6	
3.1415927508	163988.0	100000000	False	2606564	9.72e-08	5e-07	6	
3.1415929204	5325.0	100000000	False	6517516	2.668e-07	5e-07	6	
3.1415928041	239248.0	100000000	False	9827711	1.506e-07	5e-07	6	
3.1415929204	18460.0	100000000	False	9153212	2.668e-07	5e-07	6	
3.1414048579	100000000.0	100000000	True	8770055	-0.0001877957	5e-07	6	
3.1415929204	28400.0	100000000	False	5251666	2.668e-07	5e-07	6	
3.1415934222	55402.0	100000000	False	4416968	7.686e-07	5e-07	6	
3.1415929204	355.0	100000000	False	4427259	2.668e-07	5e-07	6	
3.1415934096	56822.0	100000000	False	7270857	7.56e-07	5e-07	6	
3.1415932361	44031.0	100000000	False	4957854	5.825e-07	5e-07	6	
3.1415929204	18105.0	100000000	False	7086677	2.668e-07	5e-07	6	
3.1415925768	40459.0	100000000	False	1847593	-7.68e-08	5e-07	6	
3.1415926127	1219838.0	100000000	False	6983473	-4.09e-08	5e-07	6	
3.1415929204	21300.0	100000000	False	1391144	2.668e-07	5e-07	6	
3.1415929204	9585.0	100000000	False	3578936	2.668e-07	5e-07	6	
3.1415929204	1420.0	100000000	False	9844156	2.668e-07	5e-07	6	
3.1415929204	9230.0	100000000	False	6663918	2.668e-07	5e-07	6	
3.1415929204	32660.0	100000000	False	4866729	2.668e-07	5e-07	6	
3.1415929204	9230.0	100000000	False	94776	2.668e-07	5e-07	6	
3.1415929204	2840.0	100000000	False	2244452	2.668e-07	5e-07	6	
3.1415926353	243830.0	100000000	False	537957	-1.83e-08	5e-07	6	
3.1415929204	2485.0	100000000	False	5195368	2.668e-07	5e-07	6	
3.1415932653	80607.0	100000000	False	2904478	6.117e-07	5e-07	6	
3.1415932082	48291.0	100000000	False	7656650	5.546e-07	5e-07	6	
3.1415927265	71699.0	100000000	False	5003824	7.29e-08	5e-07	6	
3.1415929204	9940.0	100000000	False	6928609	2.668e-07	5e-07	6	
3.1415929204	9585.0	100000000	False	8692920	2.668e-07	5e-07	6	
3.1415929204	9230.0	100000000	False	2029348	2.668e-07	5e-07	6	
3.1415929204	8875.0	100000000	False	6252284	2.668e-07	5e-07	6	
3.1415929204	12780.0	100000000	False	448395	2.668e-07	5e-07	6	
3.141592855	425623.0	100000000	False	7907967	2.014e-07	5e-07	6	
3.1415929204	22365.0	100000000	False	5448814	2.668e-07	5e-07	6	
3.1415925967	42944.0	100000000	False	6414856	-5.69e-08	5e-07	6	
3.1415929204	8520.0	100000000	False	6581093	2.668e-07	5e-07	6	
3.1415925498	262623.0	100000000	False	6301549	-1.038e-07	5e-07	6	
3.1415929204	10650.0	100000000	False	9437355	2.668e-07	5e-07	6	
3.1415929204	355.0	100000000	False	7387587	2.668e-07	5e-07	6	
3.141593273	78832.0	100000000	False	9636884	6.194e-07	5e-07	6	
3.1415934096	56822.0	100000000	False	2859531	7.56e-07	5e-07	6	
3.1415929204	3550.0	100000000	False	1998087	2.668e-07	5e-07	6	
3.1415933703	30896.0	100000000	False	9683156	7.167e-07	5e-07	6	
3.1415929204	77035.0	100000000	False	5007914	2.668e-07	5e-07	6	
3.141592508	33714.0	100000000	False	9362500	-1.456e-07	5e-07	6	
3.1415932129	807812.0	100000000	False	6748108	5.593e-07	5e-07	6	
3.1415932223	138128.0	100000000	False	9549466	5.687e-07	5e-07	6	
3.1415929204	25560.0	100000000	False	5977349	2.668e-07	5e-07	6	
3.1415933158	35156.0	100000000	False	4123265	6.622e-07	5e-07	6	
3.1415932408	260281.0	100000000	False	2394119	5.872e-07	5e-07	6	
3.1415927078	261591.0	100000000	False	2225020	5.42e-08	5e-07	6	
3.1415929204	8520.0	100000000	False	4833816	2.668e-07	5e-07	6	
3.1415931447	123917.0	100000000	False	4818359	4.911e-07	5e-07	6	
3.1415929204	48635.0	100000000	False	305597	2.668e-07	5e-07	6	
3.1415927379	8989432.0	100000000	False	6674654	8.43e-08	5e-07	6	
3.1415929204	6035.0	100000000	False	6666578	2.668e-07	5e-07	6	
3.1415925518	264043.0	100000000	False	7604709	-1.018e-07	5e-07	6	
3.1415933239	34446.0	100000000	False	4612736	6.703e-07	5e-07	6	
3.141593273	39416.0	100000000	False	6990715	6.194e-07	5e-07	6	
3.141593436	296546.0	100000000	False	402283	7.824e-07	5e-07	6	
3.1415925967	128832.0	100000000	False	3595099	-5.69e-08	5e-07	6	
3.1415933553	31961.0	100000000	False	8536918	7.017e-07	5e-07	6	
3.1415926593	53239.0	100000000	False	4950641	5.7e-09	5e-07	6	
3.1415929204	12070.0	100000000	False	8484308	2.668e-07	5e-07	6	
3.1415929204	57510.0	100000000	False	8150516	2.668e-07	5e-07	6	
3.1415932147	47226.0	100000000	False	7778344	5.611e-07	5e-07	6	
3.1415929204	3905.0	100000000	False	1222198	2.668e-07	5e-07	6	
3.1415929204	39405.0	100000000	False	1742123	2.668e-07	5e-07	6	
3.1415925737	481248.0	100000000	False	7937954	-7.99e-08	5e-07	6	
3.1415926484	204436.0	100000000	False	8659564	-5.2e-09	5e-07	6	
3.1415929204	355.0	100000000	False	1967307	2.668e-07	5e-07	6	
3.141593204	4606804.0	100000000	False	4181081	5.504e-07	5e-07	6	
3.1415927649	89449.0	100000000	False	5083736	1.114e-07	5e-07	6	
3.1415928781	658148.0	100000000	False	9938209	2.245e-07	5e-07	6	
3.1415929204	1065.0	100000000	False	7684723	2.668e-07	5e-07	6	
3.1415929204	5325.0	100000000	False	1100622	2.668e-07	5e-07	6	
3.1415925247	35134.0	100000000	False	9638706	-1.289e-07	5e-07	6	
3.1415929204	2840.0	100000000	False	4970267	2.668e-07	5e-07	6	
3.1415926738	902234.0	100000000	False	4759025	2.02e-08	5e-08	7	
3.1415927247	4475147.0	100000000	False	5368193	7.11e-08	5e-08	7	
3.1415926566	105413.0	100000000	False	6304667	3e-09	5e-08	7	
3.1415926836	293530.0	100000000	False	7749554	3e-08	5e-08	7	
3.1415926618	107543.0	100000000	False	938199	8.2e-09	5e-08	7	
3.1415926807	289980.0	100000000	False	5589127	2.71e-08	5e-08	7	
3.1415926669	219346.0	100000000	False	4857010	1.33e-08	5e-08	7	
3.1415926539	52174.0	100000000	False	8349	3e-10	5e-08	7	
3.1415926726	2637133.0	100000000	False	7110635	1.9e-08	5e-08	7	
3.1415927115	266206.0	100000000	False	9978114	5.79e-08	5e-08	7	
3.1415927397	846199.0	100000000	False	1798378	8.61e-08	5e-08	7	
3.1415926887	4081042.0	100000000	False	1244496	3.51e-08	5e-08	7	
3.1415926894	1384602.0	100000000	False	8331987	3.59e-08	5e-08	7	
3.1415926953	123518.0	100000000	False	9947971	4.17e-08	5e-08	7	
3.141592712	266916.0	100000000	False	7769263	5.84e-08	5e-08	7	
3.1415926743	282525.0	100000000	False	378898	2.08e-08	5e-08	7	
3.1415926738	394683.0	100000000	False	2343052	2.02e-08	5e-08	7	
3.1415927349	36436824.0	100000000	False	6539486	8.14e-08	5e-08	7	
3.1415927365	75604.0	100000000	False	5921038	8.29e-08	5e-08	7	
3.1415927304	512188.0	100000000	False	5141225	7.68e-08	5e-08	7	
3.1415926557	52529.0	100000000	False	2652175	2.1e-09	5e-08	7	
3.141592744	2838184.0	100000000	False	2582034	9.04e-08	5e-08	7	
3.1415927016	63534.0	100000000	False	4588869	4.8e-08	5e-08	7	
3.1415926818	407818.0	100000000	False	8024616	2.82e-08	5e-08	7	
3.1415927052	193797.0	100000000	False	4364653	5.16e-08	5e-08	7	
3.1415926847	530981.0	100000000	False	6451791	3.11e-08	5e-08	7	
3.1415926669	219346.0	100000000	False	1134192	1.33e-08	5e-08	7	
3.1415927192	1451364.0	100000000	False	9236136	6.56e-08	5e-08	7	
3.1415927475	160793.0	100000000	False	4313890	9.39e-08	5e-08	7	
3.1415926948	3266837.0	100000000	False	1712581	4.12e-08	5e-08	7	
3.1415926992	24581579.0	100000000	False	1332198	4.57e-08	5e-08	7	
3.1415926761	4780926.0	100000000	False	4610809	2.25e-08	5e-08	7	
3.1415926539	104348.0	100000000	False	9367918	3e-10	5e-08	7	
3.1415927038	2759652.0	100000000	False	4313131	5.02e-08	5e-08	7	
3.1415926888	360259.0	100000000	False	6365299	3.52e-08	5e-08	7	
3.1415926815	291045.0	100000000	False	4120910	2.8e-08	5e-08	7	
3.1415926575	105768.0	100000000	False	3452585	3.9e-09	5e-08	7	
3.1415926793	115353.0	100000000	False	781083	2.57e-08	5e-08	7	
3.1415927028	63889.0	100000000	False	6899456	4.92e-08	5e-08	7	
3.1415926575	52884.0	100000000	False	1765521	3.9e-09	5e-08	7	
3.1415926953	308795.0	100000000	False	8254815	4.17e-08	5e-08	7	
3.1415927388	3751456.0	100000000	False	2592300	8.52e-08	5e-08	7	
3.1415926709	55724.0	100000000	False	7398188	1.73e-08	5e-08	7	
3.1415926599	266905.0	100000000	False	8748218	6.4e-09	5e-08	7	
3.1415927118	999870.0	100000000	False	2298565	5.82e-08	5e-08	7	
3.1415927123	334000.0	100000000	False	8571027	5.87e-08	5e-08	7	
3.1415926872	59629.0	100000000	False	8499190	3.36e-08	5e-08	7	
3.1415926815	232836.0	100000000	False	8686133	2.8e-08	5e-08	7	
3.1415927115	133103.0	100000000	False	5476087	5.79e-08	5e-08	7	
3.1415926563	157942.0	100000000	False	232092	2.7e-09	5e-08	7	
3.1415927008	823102.0	100000000	False	9517373	4.72e-08	5e-08	7	
3.1415927303	658426.0	100000000	False	534003	7.68e-08	5e-08	7	
3.1415927475	321586.0	100000000	False	1001650	9.39e-08	5e-08	7	
3.1415927221	140203.0	100000000	False	3631570	6.85e-08	5e-08	7	
3.1415926857	1421866.0	100000000	False	3230745	3.21e-08	5e-08	7	
3.141592715	270821.0	100000000	False	1038962	6.14e-08	5e-08	7	
3.1415927345	2692634.0	100000000	False	4368777	8.09e-08	5e-08	7	
3.1415927433	33138868.0	100000000	False	9323527	8.97e-08	5e-08	7	
3.14159272	138783.0	100000000	False	4182373	6.64e-08	5e-08	7	
3.1415927413	1397792.0	100000000	False	5319741	8.78e-08	5e-08	7	
3.1415926771	342864.0	100000000	False	7129199	2.35e-08	5e-08	7	
3.141592704	192732.0	100000000	False	4452697	5.04e-08	5e-08	7	
3.141592683	58564.0	100000000	False	1707053	2.94e-08	5e-08	7	
3.1415927177	1234492.0	100000000	False	1228578	6.41e-08	5e-08	7	
3.14159269	1388152.0	100000000	False	4364714	3.64e-08	5e-08	7	
3.1415927216	21750979.0	100000000	False	6165057	6.8e-08	5e-08	7	
3.1415926805	2318420.0	100000000	False	1162148	2.69e-08	5e-08	7	
3.1415927333	1263613.0	100000000	False	5521726	7.97e-08	5e-08	7	
3.1415926693	110738.0	100000000	False	745878	1.57e-08	5e-08	7	
3.1415926656	218281.0	100000000	False	7338252	1.2e-08	5e-08	7	
3.1415927063	64954.0	100000000	False	7208756	5.28e-08	5e-08	7	
3.1415926981	312700.0	100000000	False	4882495	4.45e-08	5e-08	7	
3.1415927294	7426898.0	100000000	False	1796921	7.59e-08	5e-08	7	
3.1415927028	63889.0	100000000	False	3649968	4.92e-08	5e-08	7	
3.1415926707	3841406.0	100000000	False	9465388	1.71e-08	5e-08	7	
3.1415926786	57499.0	100000000	False	7198739	2.5e-08	5e-08	7	
3.1415927164	272596.0	100000000	False	6110707	6.28e-08	5e-08	7	
3.1415926862	237451.0	100000000	False	3117757	3.26e-08	5e-08	7	
3.1415926723	2409622.0	100000000	False	9424396	1.87e-08	5e-08	7	
3.1415927126	133813.0	100000000	False	1400060	5.9e-08	5e-08	7	
3.1415926539	573914.0	100000000	False	9474811	3e-10	5e-08	7	
3.14159269	120678.0	100000000	False	8254202	3.64e-08	5e-08	7	
3.1415926789	575700.0	100000000	False	9828383	2.53e-08	5e-08	7	
3.1415927219	420254.0	100000000	False	2179459	6.83e-08	5e-08	7	
3.1415927098	66019.0	100000000	False	1719491	5.62e-08	5e-08	7	
3.1415926879	239226.0	100000000	False	6163836	3.43e-08	5e-08	7	
3.141592683	175692.0	100000000	False	4748480	2.94e-08	5e-08	7	
3.1415926579	211891.0	100000000	False	4720171	4.3e-09	5e-08	7	
3.1415926553	209761.0	100000000	False	5427270	1.7e-09	5e-08	7	
3.1415926609	964337.0	100000000	False	7004088	7.3e-09	5e-08	7	
3.141592653	103993.0	100000000	False	9259641	-6e-10	5e-08	7	
3.1415927109	66374.0	100000000	False	1761426	5.73e-08	5e-08	7	
3.1415926596	2132045.0	100000000	False	7459189	6e-09	5e-08	7	
3.1413526055	100000000.0	100000000	True	8377634	-0.0002400481	5e-08	7	
3.1415926627	53949.0	100000000	False	6211217	9.1e-09	5e-08	7	
3.1415927195	207642.0	100000000	False	3189792	6.59e-08	5e-08	7	
3.1415927017	445093.0	100000000	False	3130198	4.81e-08	5e-08	7	
3.141592695	308440.0	100000000	False	402110	4.14e-08	5e-08	7	
3.1415926563	1631949.0	100000000	False	1281997	2.7e-09	5e-08	7	
3.1415927109	132748.0	100000000	False	5916681	5.73e-08	5e-08	7	
3.1415926486	409227.0	100000000	False	1888038	-5e-09	5e-09	8	
3.1415926496	872758.0	100000000	False	2823983	-4e-09	5e-09	8	
3.1415926495	769830.0	100000000	False	2135666	-4.1e-09	5e-09	8	
3.1415926474	407452.0	100000000	False	2584041	-6.2e-09	5e-09	8	
3.1415926481	663707.0	100000000	False	6846932	-5.5e-09	5e-09	8	
3.14132685	100000000.0	100000000	True	3650662	-0.0002658036	5e-09	8	
3.1415926504	2677193.0	100000000	False	4005349	-3.2e-09	5e-09	8	
3.1415926527	155812.0	100000000	False	8059442	-9e-10	5e-09	8	
3.1415926457	253060.0	100000000	False	4258783	-7.9e-09	5e-09	8	
3.1415926452	25513975.0	100000000	False	2129704	-8.4e-09	5e-09	8	
3.1415926536	833719.0	100000000	False	1239900	-0.0	5e-09	8	
3.1415926477	5965908.0	100000000	False	6338051	-5.9e-09	5e-09	8	
3.1415926475	48657510.0	100000000	False	6564096	-6.1e-09	5e-09	8	
3.1415926464	1014725.0	100000000	False	5598537	-7.2e-09	5e-09	8	
3.1415926514	2170363.0	100000000	False	7731240	-2.2e-09	5e-09	8	
3.1415926549	3822902.0	100000000	False	8946960	1.3e-09	5e-09	8	
3.1415926521	3420409.0	100000000	False	9977259	-1.5e-09	5e-09	8	
3.1415926465	1218451.0	100000000	False	7444174	-7e-09	5e-09	8	
3.1415926537	14960448.0	100000000	False	8144862	1e-10	5e-09	8	
3.141592653	1247916.0	100000000	False	1513890	-6e-10	5e-09	8	
3.1415926528	19586528.0	100000000	False	3988388	-8e-10	5e-09	8	
3.1415926489	358473.0	100000000	False	8606666	-4.7e-09	5e-09	8	
3.1415926481	765925.0	100000000	False	4392871	-5.5e-09	5e-09	8	
3.1415926499	925287.0	100000000	False	746221	-3.7e-09	5e-09	8	
3.1410094306	100000000.0	100000000	True	6458249	-0.000583223	5e-09	8	
3.1415926526	1090329.0	100000000	False	9879539	-1e-09	5e-09	8	
3.1415926492	666547.0	100000000	False	2396983	-4.4e-09	5e-09	8	
3.1415926455	1011530.0	100000000	False	3566393	-8.1e-09	5e-09	8	
3.1415926539	52174.0	100000000	False	4517957	3e-10	5e-09	8	
3.1415926493	102573.0	100000000	False	1149762	-4.3e-09	5e-09	8	
3.1415926521	103638.0	100000000	False	9706196	-1.5e-09	5e-09	8	
3.1415926479	1122623.0	100000000	False	3429426	-5.7e-09	5e-09	8	
3.1415926462	2535570.0	100000000	False	1465822	-7.4e-09	5e-09	8	
3.1415926494	1179767.0	100000000	False	9710663	-4.2e-09	5e-09	8	
3.1415926505	2318010.0	100000000	False	2114210	-3.1e-09	5e-09	8	
3.1415926525	259450.0	100000000	False	1835610	-1.1e-09	5e-09	8	
3.1415926466	609403.0	100000000	False	5048836	-7e-09	5e-09	8	
3.1415926544	574979.0	100000000	False	4135190	8e-10	5e-09	8	
3.1415926541	2453953.0	100000000	False	8167387	5e-10	5e-09	8	
3.1415926454	1668137.0	100000000	False	2560748	-8.2e-09	5e-09	8	
3.1415926537	417037.0	100000000	False	4822951	1e-10	5e-09	8	
3.1415926465	2639918.0	100000000	False	5486375	-7e-09	5e-09	8	
3.1415926474	101863.0	100000000	False	7482332	-6.2e-09	5e-09	8	
3.1415926521	155457.0	100000000	False	5625933	-1.5e-09	5e-09	8	
3.1415926522	3421119.0	100000000	False	781373	-1.4e-09	5e-09	8	
3.1415926463	3195727.0	100000000	False	6121391	-7.3e-09	5e-09	8	
3.1415926539	730436.0	100000000	False	4249720	3e-10	5e-09	8	
3.1415926548	209406.0	100000000	False	6575484	1.2e-09	5e-09	8	
3.1415926458	10377590.0	100000000	False	2319222	-7.8e-09	5e-09	8	
3.141592653	623958.0	100000000	False	6998461	-6e-10	5e-09	8	
3.1419494426	100000000.0	100000000	True	1604440	0.0003567891	5e-09	8	
3.1415926505	2575685.0	100000000	False	3605637	-3.1e-09	5e-09	8	
3.1415926517	931322.0	100000000	False	7090370	-1.9e-09	5e-09	8	
3.1415926512	1342679.0	100000000	False	1052810	-2.4e-09	5e-09	8	
3.1415926481	765925.0	100000000	False	3538656	-5.5e-09	5e-09	8	
3.1415926541	417747.0	100000000	False	2605976	6e-10	5e-09	8	
3.1415926507	35983287.0	100000000	False	4898486	-2.9e-09	5e-09	8	
3.1415926484	1073289.0	100000000	False	7583466	-5.2e-09	5e-09	8	
3.1415926462	1115523.0	100000000	False	6956023	-7.4e-09	5e-09	8	
3.1415926518	672937.0	100000000	False	5547502	-1.8e-09	5e-09	8	
3.1415926503	2161843.0	100000000	False	3596189	-3.3e-09	5e-09	8	
3.1415926537	938422.0	100000000	False	2355813	1e-10	5e-09	8	
3.1415926466	1980471.0	100000000	False	5039738	-7e-09	5e-09	8	
3.1415926509	1856964.0	100000000	False	2831344	-2.7e-09	5e-09	8	
3.1415926533	1040995.0	100000000	False	243103	-3e-10	5e-09	8	
3.1415926472	6157209.0	100000000	False	4221778	-6.4e-09	5e-09	8	
3.1415926488	204791.0	100000000	False	7363064	-4.7e-09	5e-09	8	
3.1415926512	103283.0	100000000	False	9734860	-2.4e-09	5e-09	8	
3.1415926502	205856.0	100000000	False	8510462	-3.3e-09	5e-09	8	
3.1415926458	759535.0	100000000	False	2719129	-7.8e-09	5e-09	8	
3.1415926461	1418982.0	100000000	False	4336208	-7.5e-09	5e-09	8	
3.1415926488	7935385.0	100000000	False	9624014	-4.8e-09	5e-09	8	
3.1415926484	51109.0	100000000	False	704592	-5.2e-09	5e-09	8	
3.1415926469	406742.0	100000000	False	4710803	-6.6e-09	5e-09	8	
3.1415926521	259095.0	100000000	False	4866924	-1.5e-09	5e-09	8	
3.1415926535	729371.0	100000000	False	1604951	-1e-10	5e-09	8	
3.1415926545	313754.0	100000000	False	2192414	9e-10	5e-09	8	
3.1415926487	307009.0	100000000	False	8387854	-4.9e-09	5e-09	8	
3.141592648	816679.0	100000000	False	310965	-5.6e-09	5e-09	8	
3.1415926541	1044190.0	100000000	False	2165352	5e-10	5e-09	8	
3.1415926549	4661236.0	100000000	False	9569760	1.3e-09	5e-09	8	
3.1415926534	65087925.0	100000000	False	4049418	-2e-10	5e-09	8	
3.1415926546	261580.0	100000000	False	4492952	1.1e-09	5e-09	8	
3.1415926472	25448000.0	100000000	False	2963025	-6.4e-09	5e-09	8	
3.1415926499	822359.0	100000000	False	1421053	-3.7e-09	5e-09	8	
3.1415926457	17209145.0	100000000	False	6683654	-7.9e-09	5e-09	8	
3.1415926465	50754.0	100000000	False	9778135	-7.1e-09	5e-09	8	
3.1415926529	10393265.0	100000000	False	4870780	-7e-10	5e-09	8	
3.1415926517	258740.0	100000000	False	2261679	-1.9e-09	5e-09	8	
3.1415926466	3198922.0	100000000	False	4894383	-7e-09	5e-09	8	
3.1415926473	4836895.0	100000000	False	1979357	-6.3e-09	5e-09	8	
3.1415926536	1042060.0	100000000	False	5552697	-0.0	5e-09	8	
3.1415926469	1067609.0	100000000	False	96797	-6.7e-09	5e-09	8	
3.1415926537	1355459.0	100000000	False	4494792	1e-10	5e-09	8	
3.1415926474	407452.0	100000000	False	9429197	-6.2e-09	5e-09	8	
3.1415926488	409582.0	100000000	False	3911093	-4.7e-09	5e-09	8	
3.1415926524	3268857.0	100000000	False	9205671	-1.1e-09	5e-09	8	
3.1415926516	7552084.0	100000000	False	7994271	-2e-09	5e-09	8	
3.1415926474	305589.0	100000000	False	1129809	-6.2e-09	5e-09	8	
3.1415926536	1563090.0	100000000	False	3448108	-0.0	5e-09	8	
