sampleId	piHat	cntProbe	CntProbeLmt	isCensored	seedInit	OFError	OFtol	signifDigits	runtime	solverName	
1	3.1811023622	127.0	500	FALSE	4601247	0.0395097622	0.05	2	0.0005381107330322266	Dart	
2	3.1	40.0	500	FALSE	8939775	-0.0415926	0.05	2	0.00017905235290527344	Dart	
3	3.1111111111	9.0	500	FALSE	8763306	-0.0304814889	0.05	2	3.4809112548828125e-05	Dart	
4	3.1578947368	19.0	500	FALSE	3185806	0.0163021368	0.05	2	6.508827209472656e-05	Dart	
5	3.1111111111	9.0	500	FALSE	2887999	-0.0304814889	0.05	2	3.886222839355469e-05	Dart	
6	3.1111111111	9.0	500	FALSE	1221897	-0.0304814889	0.05	2	3.2901763916015625e-05	Dart	
7	3.1111111111	9.0	500	FALSE	4564874	-0.0304814889	0.05	2	3.314018249511719e-05	Dart	
8	3.1111111111	9.0	500	FALSE	2410923	-0.0304814889	0.05	2	3.1948089599609375e-05	Dart	
9	3.1428571429	14.0	500	FALSE	1953164	0.0012645429	0.05	2	4.601478576660156e-05	Dart	
10	3.1111111111	9.0	500	FALSE	5387500	-0.0304814889	0.05	2	3.0994415283203125e-05	Dart	
11	3.1044776119	67.0	500	FALSE	6123270	-0.0371149881	0.05	2	0.0002079010009765625	Dart	
12	3.095890411	146.0	500	FALSE	5791569	-0.045702189	0.05	2	0.00047469139099121094	Dart	
13	3.0947368421	190.0	500	FALSE	3055552	-0.0468557579	0.05	2	0.0005550384521484375	Dart	
14	3.1111111111	9.0	500	FALSE	276193	-0.0304814889	0.05	2	3.1948089599609375e-05	Dart	
15	3.1111111111	9.0	500	FALSE	584115	-0.0304814889	0.05	2	3.0994415283203125e-05	Dart	
16	3.0943396226	106.0	500	FALSE	7985688	-0.0472529774	0.05	2	0.000308990478515625	Dart	
17	3.1	40.0	500	FALSE	4304588	-0.0415926	0.05	2	0.00011920928955078125	Dart	
18	3.1111111111	36.0	500	FALSE	7228761	-0.0304814889	0.05	2	0.00011110305786132812	Dart	
19	3.1111111111	9.0	500	FALSE	3995782	-0.0304814889	0.05	2	3.218650817871094e-05	Dart	
20	3.1304347826	23.0	500	FALSE	7809831	-0.0111578174	0.05	2	7.176399230957031e-05	Dart	
21	3.1666666667	72.0	500	FALSE	8710988	0.0250740667	0.05	2	0.00022292137145996094	Dart	
22	3.1746031746	126.0	500	FALSE	7153805	0.0330105746	0.05	2	0.00037789344787597656	Dart	
23	3.1111111111	9.0	500	FALSE	8139283	-0.0304814889	0.05	2	3.123283386230469e-05	Dart	
24	3.1111111111	18.0	500	FALSE	4440353	-0.0304814889	0.05	2	5.698204040527344e-05	Dart	
25	3.1428571429	14.0	500	FALSE	2716431	0.0012645429	0.05	2	4.7206878662109375e-05	Dart	
26	3.1111111111	9.0	500	FALSE	1219462	-0.0304814889	0.05	2	3.0994415283203125e-05	Dart	
27	3.1111111111	9.0	500	FALSE	7720819	-0.0304814889	0.05	2	2.5272369384765625e-05	Dart	
28	3.175257732	97.0	500	FALSE	1292597	0.033665132	0.05	2	0.0002300739288330078	Dart	
29	3.1111111111	9.0	500	FALSE	1202482	-0.0304814889	0.05	2	2.5033950805664062e-05	Dart	
30	3.1489361702	47.0	500	FALSE	995549	0.0073435702	0.05	2	0.00011396408081054688	Dart	
31	3.191011236	178.0	500	FALSE	3010325	0.049418636	0.05	2	0.00041985511779785156	Dart	
32	3.1111111111	9.0	500	FALSE	714979	-0.0304814889	0.05	2	3.0040740966796875e-05	Dart	
33	3.1111111111	9.0	500	FALSE	7676230	-0.0304814889	0.05	2	2.5033950805664062e-05	Dart	
34	3.1111111111	18.0	500	FALSE	6463721	-0.0304814889	0.05	2	4.696846008300781e-05	Dart	
35	3.1111111111	9.0	500	FALSE	1307220	-0.0304814889	0.05	2	2.5033950805664062e-05	Dart	
36	3.1111111111	9.0	500	FALSE	2385438	-0.0304814889	0.05	2	2.5033950805664062e-05	Dart	
37	3.1111111111	9.0	500	FALSE	5539091	-0.0304814889	0.05	2	2.5033950805664062e-05	Dart	
38	3.0967741935	31.0	500	FALSE	206181	-0.0448184065	0.05	2	0.00011515617370605469	Dart	
39	3.1111111111	9.0	500	FALSE	123977	-0.0304814889	0.05	2	6.508827209472656e-05	Dart	
40	3.1111111111	9.0	500	FALSE	6847166	-0.0304814889	0.05	2	5.2928924560546875e-05	Dart	
41	3.1111111111	9.0	500	FALSE	8958430	-0.0304814889	0.05	2	2.5987625122070312e-05	Dart	
42	3.1612903226	62.0	500	FALSE	6055918	0.0196977226	0.05	2	0.00014901161193847656	Dart	
43	3.1896551724	232.0	500	FALSE	3036806	0.0480625724	0.05	2	0.0005471706390380859	Dart	
44	3.1111111111	9.0	500	FALSE	9717481	-0.0304814889	0.05	2	2.5272369384765625e-05	Dart	
45	3.1304347826	23.0	500	FALSE	4374865	-0.0111578174	0.05	2	5.817413330078125e-05	Dart	
46	3.1857142857	280.0	500	FALSE	202508	0.0441216857	0.05	2	0.00067901611328125	Dart	
47	3.1428571429	14.0	500	FALSE	1407649	0.0012645429	0.05	2	3.600120544433594e-05	Dart	
48	3.1111111111	18.0	500	FALSE	3573894	-0.0304814889	0.05	2	4.696846008300781e-05	Dart	
49	3.0967741935	31.0	500	FALSE	2301465	-0.0448184065	0.05	2	7.82012939453125e-05	Dart	
50	3.1111111111	9.0	500	FALSE	7821787	-0.0304814889	0.05	2	2.384185791015625e-05	Dart	
51	3.1764705882	136.0	500	FALSE	6730350	0.0348779882	0.05	2	0.0003209114074707031	Dart	
52	3.1111111111	9.0	500	FALSE	2869819	-0.0304814889	0.05	2	2.47955322265625e-05	Dart	
53	3.1111111111	9.0	500	FALSE	593502	-0.0304814889	0.05	2	2.5272369384765625e-05	Dart	
54	3.1111111111	9.0	500	FALSE	8591478	-0.0304814889	0.05	2	2.47955322265625e-05	Dart	
55	3.1111111111	27.0	500	FALSE	8534033	-0.0304814889	0.05	2	6.818771362304688e-05	Dart	
56	3.1891891892	148.0	500	FALSE	1846665	0.0475965892	0.05	2	0.0003581047058105469	Dart	
57	3.0967741935	124.0	500	FALSE	1421483	-0.0448184065	0.05	2	0.0002980232238769531	Dart	
58	3.0943396226	53.0	500	FALSE	5434808	-0.0472529774	0.05	2	0.0001308917999267578	Dart	
59	3.1111111111	9.0	500	FALSE	463160	-0.0304814889	0.05	2	2.9087066650390625e-05	Dart	
60	3.1111111111	9.0	500	FALSE	19050	-0.0304814889	0.05	2	2.5033950805664062e-05	Dart	
61	3.1428571429	14.0	500	FALSE	5805255	0.0012645429	0.05	2	3.695487976074219e-05	Dart	
62	3.1666666667	24.0	500	FALSE	4662862	0.0250740667	0.05	2	6.198883056640625e-05	Dart	
63	3.1111111111	9.0	500	FALSE	4746432	-0.0304814889	0.05	2	2.5987625122070312e-05	Dart	
64	3.1111111111	9.0	500	FALSE	8935907	-0.0304814889	0.05	2	2.09808349609375e-05	Dart	
65	3.1428571429	14.0	500	FALSE	289510	0.0012645429	0.05	2	3.1948089599609375e-05	Dart	
66	3.0927835052	97.0	500	FALSE	172108	-0.0488090948	0.05	2	0.00019979476928710938	Dart	
67	3.1111111111	9.0	500	FALSE	5373099	-0.0304814889	0.05	2	2.1219253540039062e-05	Dart	
68	3.1111111111	27.0	500	FALSE	7085710	-0.0304814889	0.05	2	5.793571472167969e-05	Dart	
69	3.1111111111	18.0	500	FALSE	4749333	-0.0304814889	0.05	2	4.00543212890625e-05	Dart	
70	3.1111111111	9.0	500	FALSE	5672073	-0.0304814889	0.05	2	2.193450927734375e-05	Dart	
71	3.1111111111	18.0	500	FALSE	5894682	-0.0304814889	0.05	2	3.981590270996094e-05	Dart	
72	3.1111111111	9.0	500	FALSE	2849576	-0.0304814889	0.05	2	2.09808349609375e-05	Dart	
73	3.1666666667	24.0	500	FALSE	1634139	0.0250740667	0.05	2	5.1975250244140625e-05	Dart	
74	3.1111111111	9.0	500	FALSE	6170448	-0.0304814889	0.05	2	2.47955322265625e-05	Dart	
75	3.1428571429	14.0	500	FALSE	3735708	0.0012645429	0.05	2	3.1948089599609375e-05	Dart	
76	3.1428571429	14.0	500	FALSE	1903885	0.0012645429	0.05	2	3.218650817871094e-05	Dart	
77	3.1789473684	190.0	500	FALSE	3393336	0.0373547684	0.05	2	0.0003979206085205078	Dart	
78	3.1428571429	14.0	500	FALSE	3724535	0.0012645429	0.05	2	3.218650817871094e-05	Dart	
79	3.0924369748	238.0	500	FALSE	860549	-0.0491556252	0.05	2	0.0007359981536865234	Dart	
80	3.1111111111	9.0	500	FALSE	6699335	-0.0304814889	0.05	2	2.3126602172851562e-05	Dart	
81	3.1884057971	138.0	500	FALSE	1970033	0.0468131971	0.05	2	0.0002880096435546875	Dart	
82	3.1111111111	9.0	500	FALSE	5763944	-0.0304814889	0.05	2	2.193450927734375e-05	Dart	
83	3.1020408163	49.0	500	FALSE	3719635	-0.0395517837	0.05	2	0.00010275840759277344	Dart	
84	3.1428571429	14.0	500	FALSE	661498	0.0012645429	0.05	2	3.0994415283203125e-05	Dart	
85	3.1111111111	9.0	500	FALSE	6800836	-0.0304814889	0.05	2	2.193450927734375e-05	Dart	
86	3.1304347826	23.0	500	FALSE	3054490	-0.0111578174	0.05	2	4.887580871582031e-05	Dart	
87	3.1428571429	14.0	500	FALSE	7147566	0.0012645429	0.05	2	3.1948089599609375e-05	Dart	
88	3.1898734177	158.0	500	FALSE	5053898	0.0482808177	0.05	2	0.0003287792205810547	Dart	
89	3.1111111111	27.0	500	FALSE	703124	-0.0304814889	0.05	2	5.793571472167969e-05	Dart	
90	3.1428571429	14.0	500	FALSE	4711092	0.0012645429	0.05	2	3.1948089599609375e-05	Dart	
91	3.1875	128.0	500	FALSE	4987108	0.0459074	0.05	2	0.00026488304138183594	Dart	
92	3.1111111111	9.0	500	FALSE	7372281	-0.0304814889	0.05	2	2.5033950805664062e-05	Dart	
93	3.0935251799	278.0	500	FALSE	829125	-0.0480674201	0.05	2	0.0005576610565185547	Dart	
94	3.1428571429	28.0	500	FALSE	7807800	0.0012645429	0.05	2	6.079673767089844e-05	Dart	
95	3.1578947368	38.0	500	FALSE	6008225	0.0163021368	0.05	2	8.20159912109375e-05	Dart	
96	3.1578947368	19.0	500	FALSE	287327	0.0163021368	0.05	2	4.1961669921875e-05	Dart	
97	3.1428571429	14.0	500	FALSE	3978557	0.0012645429	0.05	2	3.0994415283203125e-05	Dart	
98	3.1111111111	9.0	500	FALSE	8814432	-0.0304814889	0.05	2	2.1696090698242188e-05	Dart	
99	3.1111111111	18.0	500	FALSE	7416594	-0.0304814889	0.05	2	4.100799560546875e-05	Dart	
100	3.136969697	825.0	1000	FALSE	5440648	-0.004622903	0.005	3	0.0016989707946777344	Dart	
101	3.1428571429	14.0	1000	FALSE	8175556	0.0012645429	0.005	3	3.218650817871094e-05	Dart	
102	3.1428571429	42.0	1000	FALSE	1557307	0.0012645429	0.005	3	8.702278137207031e-05	Dart	
103	3.1428571429	28.0	1000	FALSE	2328208	0.0012645429	0.005	3	5.888938903808594e-05	Dart	
104	3.137254902	51.0	1000	FALSE	3357250	-0.004337698	0.005	3	0.0001068115234375	Dart	
105	3.1388888889	144.0	1000	FALSE	521965	-0.0027037111	0.005	3	0.00029206275939941406	Dart	
106	3.1428571429	84.0	1000	FALSE	412456	0.0012645429	0.005	3	0.0001690387725830078	Dart	
107	3.137254902	51.0	1000	FALSE	8289717	-0.004337698	0.005	3	0.00010514259338378906	Dart	
108	3.1428571429	28.0	1000	FALSE	2519746	0.0012645429	0.005	3	5.91278076171875e-05	Dart	
109	3.1428571429	14.0	1000	FALSE	8647519	0.0012645429	0.005	3	3.218650817871094e-05	Dart	
110	3.1428571429	28.0	1000	FALSE	3381799	0.0012645429	0.005	3	5.91278076171875e-05	Dart	
111	3.1428571429	56.0	1000	FALSE	4719224	0.0012645429	0.005	3	0.00011491775512695312	Dart	
112	3.137254902	51.0	1000	FALSE	8550779	-0.004337698	0.005	3	0.00010585784912109375	Dart	
113	3.1379310345	116.0	1000	FALSE	675932	-0.0036615655	0.005	3	0.0002338886260986328	Dart	
114	3.1428571429	14.0	1000	FALSE	660827	0.0012645429	0.005	3	3.1948089599609375e-05	Dart	
115	3.1428571429	42.0	1000	FALSE	7285378	0.0012645429	0.005	3	9.012222290039062e-05	Dart	
116	3.1428571429	14.0	1000	FALSE	5565837	0.0012645429	0.005	3	3.0994415283203125e-05	Dart	
117	3.1436950147	341.0	1000	FALSE	7016208	0.0021024147	0.005	3	0.0006911754608154297	Dart	
118	3.1428571429	42.0	1000	FALSE	1511050	0.0012645429	0.005	3	8.893013000488281e-05	Dart	
119	3.1428571429	14.0	1000	FALSE	3334008	0.0012645429	0.005	3	3.0994415283203125e-05	Dart	
120	3.1428571429	14.0	1000	FALSE	3637839	0.0012645429	0.005	3	3.0994415283203125e-05	Dart	
121	3.1428571429	28.0	1000	FALSE	1541212	0.0012645429	0.005	3	5.793571472167969e-05	Dart	
122	3.1428571429	14.0	1000	FALSE	4535176	0.0012645429	0.005	3	3.0994415283203125e-05	Dart	
123	3.1428571429	14.0	1000	FALSE	6418283	0.0012645429	0.005	3	3.0994415283203125e-05	Dart	
124	3.1428571429	14.0	1000	FALSE	8683324	0.0012645429	0.005	3	3.0994415283203125e-05	Dart	
125	3.1428571429	42.0	1000	FALSE	3784304	0.0012645429	0.005	3	0.00011730194091796875	Dart	
126	3.1428571429	98.0	1000	FALSE	8838923	0.0012645429	0.005	3	0.00020194053649902344	Dart	
127	3.1428571429	14.0	1000	FALSE	4874790	0.0012645429	0.005	3	3.2901763916015625e-05	Dart	
128	3.137254902	153.0	1000	FALSE	5352577	-0.004337698	0.005	3	0.0003509521484375	Dart	
129	3.1374207188	473.0	1000	FALSE	8367428	-0.0041718812	0.005	3	0.0009489059448242188	Dart	
130	3.1428571429	126.0	1000	FALSE	4597728	0.0012645429	0.005	3	0.0002541542053222656	Dart	
131	3.1428571429	28.0	1000	FALSE	3975349	0.0012645429	0.005	3	5.888938903808594e-05	Dart	
132	3.1428571429	14.0	1000	FALSE	2813653	0.0012645429	0.005	3	3.1948089599609375e-05	Dart	
133	3.1386430678	339.0	1000	FALSE	2294612	-0.0029495322	0.005	3	0.0006780624389648438	Dart	
134	3.1428571429	14.0	1000	FALSE	3651774	0.0012645429	0.005	3	3.0994415283203125e-05	Dart	
135	3.1428571429	14.0	1000	FALSE	3480180	0.0012645429	0.005	3	3.0994415283203125e-05	Dart	
136	3.1375212224	589.0	1000	FALSE	837830	-0.0040713776	0.005	3	0.0011749267578125	Dart	
137	3.138121547	181.0	1000	FALSE	3780354	-0.003471053	0.005	3	0.00037097930908203125	Dart	
138	3.1428571429	42.0	1000	FALSE	4333278	0.0012645429	0.005	3	8.702278137207031e-05	Dart	
139	3.1428571429	14.0	1000	FALSE	6183910	0.0012645429	0.005	3	3.1948089599609375e-05	Dart	
140	3.1392405063	79.0	1000	FALSE	10838	-0.0023520937	0.005	3	0.00016307830810546875	Dart	
141	3.1428571429	112.0	1000	FALSE	3889668	0.0012645429	0.005	3	0.00023174285888671875	Dart	
142	3.1379310345	116.0	1000	FALSE	1513743	-0.0036615655	0.005	3	0.00024199485778808594	Dart	
143	3.1428571429	42.0	1000	FALSE	8829559	0.0012645429	0.005	3	8.916854858398438e-05	Dart	
144	3.1460674157	89.0	1000	FALSE	207297	0.0044748157	0.005	3	0.00018405914306640625	Dart	
145	3.1428571429	42.0	1000	FALSE	1171999	0.0012645429	0.005	3	8.893013000488281e-05	Dart	
146	3.1428571429	28.0	1000	FALSE	7771773	0.0012645429	0.005	3	6.103515625e-05	Dart	
147	3.1408450704	284.0	1000	FALSE	7297532	-0.0007475296	0.005	3	0.0005908012390136719	Dart	
148	3.145631068	206.0	1000	FALSE	1597338	0.004038468	0.005	3	0.0004267692565917969	Dart	
149	3.1384615385	65.0	1000	FALSE	7717007	-0.0031310615	0.005	3	0.0001361370086669922	Dart	
150	3.137254902	102.0	1000	FALSE	730377	-0.004337698	0.005	3	0.00021195411682128906	Dart	
151	3.137254902	306.0	1000	FALSE	4471922	-0.004337698	0.005	3	0.0006279945373535156	Dart	
152	3.1428571429	14.0	1000	FALSE	8475778	0.0012645429	0.005	3	3.0994415283203125e-05	Dart	
153	3.1447084233	463.0	1000	FALSE	5949969	0.0031158233	0.005	3	0.0009491443634033203	Dart	
154	3.1428571429	42.0	1000	FALSE	3679444	0.0012645429	0.005	3	8.702278137207031e-05	Dart	
155	3.1428571429	28.0	1000	FALSE	8861417	0.0012645429	0.005	3	5.91278076171875e-05	Dart	
156	3.1428571429	112.0	1000	FALSE	7602494	0.0012645429	0.005	3	0.0002257823944091797	Dart	
157	3.1376146789	436.0	1000	FALSE	8891418	-0.0039779211	0.005	3	0.0009050369262695312	Dart	
158	3.1428571429	42.0	1000	FALSE	2144606	0.0012645429	0.005	3	8.916854858398438e-05	Dart	
159	3.1368186874	899.0	1000	FALSE	8884900	-0.0047739126	0.005	3	0.0018320083618164062	Dart	
160	3.137254902	51.0	1000	FALSE	2081057	-0.004337698	0.005	3	0.00010800361633300781	Dart	
161	3.1428571429	42.0	1000	FALSE	4934456	0.0012645429	0.005	3	8.893013000488281e-05	Dart	
162	3.1428571429	14.0	1000	FALSE	8485424	0.0012645429	0.005	3	3.123283386230469e-05	Dart	
163	3.1428571429	84.0	1000	FALSE	6826891	0.0012645429	0.005	3	0.00017595291137695312	Dart	
164	3.1428571429	14.0	1000	FALSE	8972536	0.0012645429	0.005	3	3.1948089599609375e-05	Dart	
165	3.1428571429	70.0	1000	FALSE	5189568	0.0012645429	0.005	3	0.0001461505889892578	Dart	
166	3.1428571429	14.0	1000	FALSE	4507955	0.0012645429	0.005	3	3.0994415283203125e-05	Dart	
167	3.1428571429	84.0	1000	FALSE	474199	0.0012645429	0.005	3	0.00017213821411132812	Dart	
168	3.1397849462	93.0	1000	FALSE	959464	-0.0018076538	0.005	3	0.00018787384033203125	Dart	
169	3.1428571429	56.0	1000	FALSE	6691826	0.0012645429	0.005	3	0.0001163482666015625	Dart	
170	3.1371428571	700.0	1000	FALSE	4184346	-0.0044497429	0.005	3	0.001401662826538086	Dart	
171	3.1428571429	14.0	1000	FALSE	348683	0.0012645429	0.005	3	3.075599670410156e-05	Dart	
172	3.1452991453	117.0	1000	FALSE	3850803	0.0037065453	0.005	3	0.00023698806762695312	Dart	
173	3.1428571429	14.0	1000	FALSE	7707840	0.0012645429	0.005	3	3.075599670410156e-05	Dart	
174	3.1428571429	28.0	1000	FALSE	1729241	0.0012645429	0.005	3	5.984306335449219e-05	Dart	
175	3.1428571429	14.0	1000	FALSE	1244461	0.0012645429	0.005	3	3.1948089599609375e-05	Dart	
176	3.1428571429	28.0	1000	FALSE	1896505	0.0012645429	0.005	3	5.91278076171875e-05	Dart	
177	3.1375464684	269.0	1000	FALSE	6093806	-0.0040461316	0.005	3	0.0005428791046142578	Dart	
178	3.1428571429	98.0	1000	FALSE	210688	0.0012645429	0.005	3	0.0001990795135498047	Dart	
179	3.1384615385	130.0	1000	FALSE	2521271	-0.0031310615	0.005	3	0.00026297569274902344	Dart	
180	3.1428571429	14.0	1000	FALSE	5592342	0.0012645429	0.005	3	3.1948089599609375e-05	Dart	
181	3.1428571429	42.0	1000	FALSE	2487733	0.0012645429	0.005	3	9.012222290039062e-05	Dart	
182	3.137254902	153.0	1000	FALSE	8316096	-0.004337698	0.005	3	0.000308990478515625	Dart	
183	3.1428571429	28.0	1000	FALSE	6402048	0.0012645429	0.005	3	5.888938903808594e-05	Dart	
184	3.1428571429	14.0	1000	FALSE	5300166	0.0012645429	0.005	3	3.0994415283203125e-05	Dart	
185	3.1384615385	65.0	1000	FALSE	8173407	-0.0031310615	0.005	3	0.00013685226440429688	Dart	
186	3.1428571429	560.0	1000	FALSE	8059340	0.0012645429	0.005	3	0.0016350746154785156	Dart	
187	3.1384615385	65.0	1000	FALSE	6961272	-0.0031310615	0.005	3	0.00013709068298339844	Dart	
188	3.1428571429	14.0	1000	FALSE	9953556	0.0012645429	0.005	3	3.409385681152344e-05	Dart	
189	3.137254902	51.0	1000	FALSE	324625	-0.004337698	0.005	3	0.00010895729064941406	Dart	
190	3.137254902	51.0	1000	FALSE	8698267	-0.004337698	0.005	3	0.00010800361633300781	Dart	
191	3.138121547	181.0	1000	FALSE	92459	-0.003471053	0.005	3	0.00037407875061035156	Dart	
192	3.1441860465	215.0	1000	FALSE	8820853	0.0025934465	0.005	3	0.0004658699035644531	Dart	
193	3.1384615385	130.0	1000	FALSE	4713419	-0.0031310615	0.005	3	0.00026988983154296875	Dart	
194	3.1428571429	14.0	1000	FALSE	1719174	0.0012645429	0.005	3	3.1948089599609375e-05	Dart	
195	3.1384615385	65.0	1000	FALSE	447098	-0.0031310615	0.005	3	0.00013828277587890625	Dart	
196	3.1457174638	899.0	1000	FALSE	7614476	0.0041248638	0.005	3	0.0018489360809326172	Dart	
197	3.1428571429	56.0	1000	FALSE	7384925	0.0012645429	0.005	3	0.00011897087097167969	Dart	
198	3.1428571429	14.0	1000	FALSE	878393	0.0012645429	0.005	3	3.123283386230469e-05	Dart	
199	3.1462450593	253.0	1000	FALSE	1968474	0.0046524593	0.005	3	0.000553131103515625	Dart	
200	3.1418181818	275.0	5000	FALSE	6581953	0.0002255818	0.0005	4	0.0006089210510253906	Dart	
201	3.1419141914	303.0	5000	FALSE	5360908	0.0003215914	0.0005	4	0.0006160736083984375	Dart	
202	3.1411042945	489.0	5000	FALSE	9178202	-0.0004883055	0.0005	4	0.0010151863098144531	Dart	
203	3.1419222904	4890.0	5000	FALSE	6857366	0.0003296904	0.0005	4	0.010001182556152344	Dart	
204	3.1416309013	233.0	5000	FALSE	5853610	3.83013e-05	0.0005	4	0.0004680156707763672	Dart	
205	3.1416445623	3770.0	5000	FALSE	4892219	5.19623e-05	0.0005	4	0.008528709411621094	Dart	
206	3.141509434	424.0	5000	FALSE	9516059	-8.3166e-05	0.0005	4	0.0010619163513183594	Dart	
207	3.1413612565	1528.0	5000	FALSE	4335675	-0.0002313435	0.0005	4	0.003549337387084961	Dart	
208	3.1412026726	4490.0	5000	FALSE	6091132	-0.0003899274	0.0005	4	0.009238004684448242	Dart	
209	3.1415525114	438.0	5000	FALSE	7941812	-4.00886e-05	0.0005	4	0.0009200572967529297	Dart	
210	3.1411042945	163.0	5000	FALSE	4685301	-0.0004883055	0.0005	4	0.00033092498779296875	Dart	
211	3.1413390011	941.0	5000	FALSE	3345051	-0.0002535989	0.0005	4	0.0018849372863769531	Dart	
212	3.1411042945	326.0	5000	FALSE	951682	-0.0004883055	0.0005	4	0.0006546974182128906	Dart	
213	3.1412803532	1812.0	5000	FALSE	5242147	-0.0003122468	0.0005	4	0.0036270618438720703	Dart	
214	3.141955836	317.0	5000	FALSE	8822684	0.000363236	0.0005	4	0.0007128715515136719	Dart	
215	3.1414634146	205.0	5000	FALSE	8455994	-0.0001291854	0.0005	4	0.00041484832763671875	Dart	
216	3.1418903677	4433.0	5000	FALSE	3091163	0.0002977677	0.0005	4	0.009080171585083008	Dart	
217	3.1414944356	629.0	5000	FALSE	7267352	-9.81644e-05	0.0005	4	0.001271963119506836	Dart	
218	3.1420400381	1049.0	5000	FALSE	1372413	0.0004474381	0.0005	4	0.002185344696044922	Dart	
219	3.1420911528	373.0	5000	FALSE	3914692	0.0004985528	0.0005	4	0.0007722377777099609	Dart	
220	3.1411338963	1658.0	5000	FALSE	6527676	-0.0004587037	0.0005	4	0.005488872528076172	Dart	
221	3.1416309013	233.0	5000	FALSE	434617	3.83013e-05	0.0005	4	0.00048089027404785156	Dart	
222	3.1416781293	727.0	5000	FALSE	8861225	8.55293e-05	0.0005	4	0.0015037059783935547	Dart	
223	3.1418181818	275.0	5000	FALSE	7141342	0.0002255818	0.0005	4	0.0005528926849365234	Dart	
224	3.1415525114	438.0	5000	FALSE	5112501	-4.00886e-05	0.0005	4	0.001176595687866211	Dart	
225	3.1413612565	191.0	5000	FALSE	1755903	-0.0002313435	0.0005	4	0.00038909912109375	Dart	
226	3.1411042945	326.0	5000	FALSE	5531585	-0.0004883055	0.0005	4	0.0006582736968994141	Dart	
227	3.1411042945	163.0	5000	FALSE	2536980	-0.0004883055	0.0005	4	0.0003399848937988281	Dart	
228	3.1411042945	652.0	5000	FALSE	7861284	-0.0004883055	0.0005	4	0.0013110637664794922	Dart	
229	3.1413612565	191.0	5000	FALSE	1547852	-0.0002313435	0.0005	4	0.0003859996795654297	Dart	
230	3.1419325012	2163.0	5000	FALSE	6439525	0.0003399012	0.0005	4	0.004682779312133789	Dart	
231	3.1415525114	219.0	5000	FALSE	7997780	-4.00886e-05	0.0005	4	0.0005509853363037109	Dart	
232	3.1420612813	718.0	5000	FALSE	1257274	0.0004686813	0.0005	4	0.0014519691467285156	Dart	
233	3.1411042945	163.0	5000	FALSE	5128731	-0.0004883055	0.0005	4	0.00033211708068847656	Dart	
234	3.1411530815	503.0	5000	FALSE	8691403	-0.0004395185	0.0005	4	0.0010159015655517578	Dart	
235	3.1412429379	177.0	5000	FALSE	5940590	-0.0003496621	0.0005	4	0.0003688335418701172	Dart	
236	3.1411042945	163.0	5000	FALSE	5391583	-0.0004883055	0.0005	4	0.0003387928009033203	Dart	
237	3.1420911528	373.0	5000	FALSE	4850547	0.0004985528	0.0005	4	0.0007741451263427734	Dart	
238	3.1418685121	289.0	5000	FALSE	7704280	0.0002759121	0.0005	4	0.0005991458892822266	Dart	
239	3.1419141914	303.0	5000	FALSE	3596068	0.0003215914	0.0005	4	0.0006289482116699219	Dart	
240	3.1411992263	517.0	5000	FALSE	3900984	-0.0003933737	0.0005	4	0.0010607242584228516	Dart	
241	3.1411530815	1509.0	5000	FALSE	7214755	-0.0004395185	0.0005	4	0.003057241439819336	Dart	
242	3.1418918919	592.0	5000	FALSE	1366857	0.0002992919	0.0005	4	0.0012209415435791016	Dart	
243	3.1412429379	177.0	5000	FALSE	6657389	-0.0003496621	0.0005	4	0.0003571510314941406	Dart	
244	3.1417624521	261.0	5000	FALSE	9512961	0.0001698521	0.0005	4	0.0005221366882324219	Dart	
245	3.1412429379	177.0	5000	FALSE	5216671	-0.0003496621	0.0005	4	0.0003628730773925781	Dart	
246	3.1414289915	3401.0	5000	FALSE	7959381	-0.0001636085	0.0005	4	0.00702214241027832	Dart	
247	3.1414309484	601.0	5000	FALSE	5081785	-0.0001616516	0.0005	4	0.0012018680572509766	Dart	
248	3.1412429379	177.0	5000	FALSE	4410620	-0.0003496621	0.0005	4	0.00036406517028808594	Dart	
249	3.1411992263	517.0	5000	FALSE	1417565	-0.0003933737	0.0005	4	0.00109100341796875	Dart	
250	3.1412429379	531.0	5000	FALSE	8492824	-0.0003496621	0.0005	4	0.0010600090026855469	Dart	
251	3.1412844037	545.0	5000	FALSE	1299815	-0.0003081963	0.0005	4	0.0010957717895507812	Dart	
252	3.1420289855	345.0	5000	FALSE	5278324	0.0004363855	0.0005	4	0.0006897449493408203	Dart	
253	3.1420289855	345.0	5000	FALSE	3851267	0.0004363855	0.0005	4	0.0007081031799316406	Dart	
254	3.1416309013	233.0	5000	FALSE	6370377	3.83013e-05	0.0005	4	0.00047278404235839844	Dart	
255	3.1413127413	1295.0	5000	FALSE	6379261	-0.0002798587	0.0005	4	0.002675294876098633	Dart	
256	3.141509434	424.0	5000	FALSE	4579995	-8.3166e-05	0.0005	4	0.0008749961853027344	Dart	
257	3.1412429379	177.0	5000	FALSE	107892	-0.0003496621	0.0005	4	0.0003559589385986328	Dart	
258	3.1414868106	4170.0	5000	FALSE	6991079	-0.0001057894	0.0005	4	0.008822202682495117	Dart	
259	3.1417322835	1016.0	5000	FALSE	2512573	0.0001396835	0.0005	4	0.0025873184204101562	Dart	
260	3.1417004049	247.0	5000	FALSE	3637539	0.0001078049	0.0005	4	0.000579833984375	Dart	
261	3.1416309013	233.0	5000	FALSE	5324638	3.83013e-05	0.0005	4	0.0005931854248046875	Dart	
262	3.1414141414	396.0	5000	FALSE	7472350	-0.0001784586	0.0005	4	0.0009307861328125	Dart	
263	3.1412429379	177.0	5000	FALSE	5276907	-0.0003496621	0.0005	4	0.00041413307189941406	Dart	
264	3.1411042945	489.0	5000	FALSE	1341537	-0.0004883055	0.0005	4	0.0011608600616455078	Dart	
265	3.1411042945	163.0	5000	FALSE	5615268	-0.0004883055	0.0005	4	0.00039196014404296875	Dart	
266	3.1412429379	531.0	5000	FALSE	3485681	-0.0003496621	0.0005	4	0.0012631416320800781	Dart	
267	3.1411042945	489.0	5000	FALSE	1557764	-0.0004883055	0.0005	4	0.0011749267578125	Dart	
268	3.1414944356	629.0	5000	FALSE	4789994	-9.81644e-05	0.0005	4	0.0018839836120605469	Dart	
269	3.1413612565	191.0	5000	FALSE	1361246	-0.0002313435	0.0005	4	0.0005800724029541016	Dart	
270	3.1414634146	205.0	5000	FALSE	611765	-0.0001291854	0.0005	4	0.0004968643188476562	Dart	
271	3.1411042945	163.0	5000	FALSE	3923594	-0.0004883055	0.0005	4	0.00033092498779296875	Dart	
272	3.1417004049	247.0	5000	FALSE	4167647	0.0001078049	0.0005	4	0.0005049705505371094	Dart	
273	3.1414547077	2241.0	5000	FALSE	8117070	-0.0001378923	0.0005	4	0.004503965377807617	Dart	
274	3.1418181818	825.0	5000	FALSE	682435	0.0002255818	0.0005	4	0.0016770362854003906	Dart	
275	3.1414634146	205.0	5000	FALSE	3663161	-0.0001291854	0.0005	4	0.0004241466522216797	Dart	
276	3.1415525114	219.0	5000	FALSE	7377838	-4.00886e-05	0.0005	4	0.00045299530029296875	Dart	
277	3.1415525114	219.0	5000	FALSE	2451606	-4.00886e-05	0.0005	4	0.00045680999755859375	Dart	
278	3.1415241058	643.0	5000	FALSE	4272417	-6.84942e-05	0.0005	4	0.0015020370483398438	Dart	
279	3.1411411411	666.0	5000	FALSE	4359416	-0.0004514589	0.0005	4	0.001371145248413086	Dart	
280	3.1414634146	205.0	5000	FALSE	2740529	-0.0001291854	0.0005	4	0.00041604042053222656	Dart	
281	3.1417004049	247.0	5000	FALSE	487339	0.0001078049	0.0005	4	0.0004990100860595703	Dart	
282	3.141955836	317.0	5000	FALSE	7791871	0.000363236	0.0005	4	0.0006549358367919922	Dart	
283	3.141654979	713.0	5000	FALSE	3611576	6.2379e-05	0.0005	4	0.0014781951904296875	Dart	
284	3.1412103746	1388.0	5000	FALSE	6042716	-0.0003822254	0.0005	4	0.0030739307403564453	Dart	
285	3.1412803532	1812.0	5000	FALSE	2383292	-0.0003122468	0.0005	4	0.005876064300537109	Dart	
286	3.1412103746	694.0	5000	FALSE	5124787	-0.0003822254	0.0005	4	0.0023527145385742188	Dart	
287	3.1414309484	601.0	5000	FALSE	8968266	-0.0001616516	0.0005	4	0.0018062591552734375	Dart	
288	3.1413043478	368.0	5000	FALSE	8752476	-0.0002882522	0.0005	4	0.0008859634399414062	Dart	
289	3.1411530815	503.0	5000	FALSE	1519256	-0.0004395185	0.0005	4	0.0012919902801513672	Dart	
290	3.1416309013	466.0	5000	FALSE	4587497	3.83013e-05	0.0005	4	0.0011966228485107422	Dart	
291	3.1417004049	247.0	5000	FALSE	1167159	0.0001078049	0.0005	4	0.0006372928619384766	Dart	
292	3.1411042945	163.0	5000	FALSE	537567	-0.0004883055	0.0005	4	0.0003933906555175781	Dart	
293	3.1418280054	4442.0	5000	FALSE	6828941	0.0002354054	0.0005	4	0.010983943939208984	Dart	
294	3.1419141914	303.0	5000	FALSE	5064903	0.0003215914	0.0005	4	0.0006160736083984375	Dart	
295	3.1419630156	3515.0	5000	FALSE	166303	0.0003704156	0.0005	4	0.007175922393798828	Dart	
296	3.1415241058	2572.0	5000	FALSE	5994715	-6.84942e-05	0.0005	4	0.005254983901977539	Dart	
297	3.141216992	1742.0	5000	FALSE	4881384	-0.000375608	0.0005	4	0.004662990570068359	Dart	
298	3.1413043478	368.0	5000	FALSE	9304306	-0.0002882522	0.0005	4	0.0008161067962646484	Dart	
299	3.1414634146	205.0	5000	FALSE	9650420	-0.0001291854	0.0005	4	0.0004258155822753906	Dart	
300	3.1416309013	233.0	20000	FALSE	5319859	3.83013e-05	5e-05	5	0.0004870891571044922	Dart	
301	3.1415759129	1561.0	20000	FALSE	7964264	-1.66871e-05	5e-05	5	0.003303050994873047	Dart	
302	3.1416309013	233.0	20000	FALSE	9204133	3.83013e-05	5e-05	5	0.0004730224609375	Dart	
303	3.1416309013	233.0	20000	FALSE	119497	3.83013e-05	5e-05	5	0.0004782676696777344	Dart	
304	3.1416058394	2055.0	20000	FALSE	7760187	1.32394e-05	5e-05	5	0.004257917404174805	Dart	
305	3.1415730337	890.0	20000	FALSE	1095994	-1.95663e-05	5e-05	5	0.0018548965454101562	Dart	
306	3.1415797317	1342.0	20000	FALSE	7022983	-1.28683e-05	5e-05	5	0.0027391910552978516	Dart	
307	3.141617357	2535.0	20000	FALSE	4613343	2.4757e-05	5e-05	5	0.00527501106262207	Dart	
308	3.1415636853	8173.0	20000	FALSE	448342	-2.89147e-05	5e-05	5	0.0167539119720459	Dart	
309	3.1415525114	657.0	20000	FALSE	5633787	-4.00886e-05	5e-05	5	0.001558065414428711	Dart	
310	3.1416309013	699.0	20000	FALSE	127003	3.83013e-05	5e-05	5	0.0023527145385742188	Dart	
311	3.1415929204	4520.0	20000	FALSE	9487413	3.204e-07	5e-05	5	0.012989997863769531	Dart	
312	3.1415984896	7945.0	20000	FALSE	6266115	5.8896e-06	5e-05	5	0.02032923698425293	Dart	
313	3.141567501	9748.0	20000	FALSE	2138945	-2.5099e-05	5e-05	5	0.020023107528686523	Dart	
314	3.1416007036	2274.0	20000	FALSE	6708133	8.1036e-06	5e-05	5	0.004660844802856445	Dart	
315	3.1415929204	904.0	20000	FALSE	1663548	3.204e-07	5e-05	5	0.0018360614776611328	Dart	
316	3.1415850401	2246.0	20000	FALSE	2993944	-7.5599e-06	5e-05	5	0.00457000732421875	Dart	
317	3.1415594247	5284.0	20000	FALSE	5977922	-3.31753e-05	5e-05	5	0.010734081268310547	Dart	
318	3.1416309013	466.0	20000	FALSE	9383414	3.83013e-05	5e-05	5	0.0009429454803466797	Dart	
319	3.1415525114	1533.0	20000	FALSE	1879864	-4.00886e-05	5e-05	5	0.003088712692260742	Dart	
320	3.1416309013	5126.0	20000	FALSE	9505876	3.83013e-05	5e-05	5	0.011098861694335938	Dart	
321	3.1416094822	1603.0	20000	FALSE	2748976	1.68822e-05	5e-05	5	0.003950834274291992	Dart	
322	3.1415689811	1109.0	20000	FALSE	4751074	-2.36189e-05	5e-05	5	0.002231121063232422	Dart	
323	3.1415525114	1314.0	20000	FALSE	1678545	-4.00886e-05	5e-05	5	0.0026831626892089844	Dart	
324	3.1416309013	466.0	20000	FALSE	9351473	3.83013e-05	5e-05	5	0.0009367465972900391	Dart	
325	3.1415525114	1314.0	20000	FALSE	4632015	-4.00886e-05	5e-05	5	0.002649068832397461	Dart	
326	3.1415525114	657.0	20000	FALSE	2127145	-4.00886e-05	5e-05	5	0.0013310909271240234	Dart	
327	3.1415525114	219.0	20000	FALSE	3853448	-4.00886e-05	5e-05	5	0.0004429817199707031	Dart	
328	3.1415873016	1575.0	20000	FALSE	3017325	-5.2984e-06	5e-05	5	0.003290891647338867	Dart	
329	3.1415525114	438.0	20000	FALSE	3069576	-4.00886e-05	5e-05	5	0.0008912086486816406	Dart	
330	3.1415797317	671.0	20000	FALSE	4089993	-1.28683e-05	5e-05	5	0.0013899803161621094	Dart	
331	3.1415890697	11491.0	20000	FALSE	8756084	-3.5303e-06	5e-05	5	0.02828693389892578	Dart	
332	3.1415984896	3178.0	20000	FALSE	381604	5.8896e-06	5e-05	5	0.006482124328613281	Dart	
333	3.1416058394	1370.0	20000	FALSE	1418145	1.32394e-05	5e-05	5	0.002880096435546875	Dart	
334	3.1416058394	685.0	20000	FALSE	1674897	1.32394e-05	5e-05	5	0.0014069080352783203	Dart	
335	3.1415797317	2013.0	20000	FALSE	2014238	-1.28683e-05	5e-05	5	0.00481104850769043	Dart	
336	3.1416058394	685.0	20000	FALSE	5778376	1.32394e-05	5e-05	5	0.0017101764678955078	Dart	
337	3.1416007036	1137.0	20000	FALSE	2040213	8.1036e-06	5e-05	5	0.0030689239501953125	Dart	
338	3.1415646033	9063.0	20000	FALSE	2849118	-2.79967e-05	5e-05	5	0.019855022430419922	Dart	
339	3.1415759129	1561.0	20000	FALSE	3558823	-1.66871e-05	5e-05	5	0.0031392574310302734	Dart	
340	3.1415662651	1328.0	20000	FALSE	398924	-2.63349e-05	5e-05	5	0.002736806869506836	Dart	
341	3.1416094822	1603.0	20000	FALSE	9227394	1.68822e-05	5e-05	5	0.003259897232055664	Dart	
342	3.1416309013	6524.0	20000	FALSE	370086	3.83013e-05	5e-05	5	0.013399124145507812	Dart	
343	3.1416194602	3001.0	20000	FALSE	168115	2.68602e-05	5e-05	5	0.006060123443603516	Dart	
344	3.1415455241	2614.0	20000	FALSE	2718070	-4.70759e-05	5e-05	5	0.005419015884399414	Dart	
345	3.1415617128	1985.0	20000	FALSE	8327520	-3.08872e-05	5e-05	5	0.004051923751831055	Dart	
346	3.1415525114	1095.0	20000	FALSE	4652773	-4.00886e-05	5e-05	5	0.002259969711303711	Dart	
347	3.1416309013	233.0	20000	FALSE	4568200	3.83013e-05	5e-05	5	0.0004680156707763672	Dart	
348	3.1416189012	7153.0	20000	FALSE	7327012	2.63012e-05	5e-05	5	0.014834165573120117	Dart	
349	3.1416309013	699.0	20000	FALSE	6722968	3.83013e-05	5e-05	5	0.0014469623565673828	Dart	
350	3.1416309013	466.0	20000	FALSE	4706487	3.83013e-05	5e-05	5	0.0009598731994628906	Dart	
351	3.1415525114	438.0	20000	FALSE	5046243	-4.00886e-05	5e-05	5	0.0009250640869140625	Dart	
352	3.1415797317	671.0	20000	FALSE	1733991	-1.28683e-05	5e-05	5	0.0013930797576904297	Dart	
353	3.1415994131	2726.0	20000	FALSE	3138606	6.8131e-06	5e-05	5	0.007010936737060547	Dart	
354	3.1415730337	890.0	20000	FALSE	1578401	-1.95663e-05	5e-05	5	0.0027561187744140625	Dart	
355	3.1416083916	4576.0	20000	FALSE	6579102	1.57916e-05	5e-05	5	0.011193990707397461	Dart	
356	3.1415525114	438.0	20000	FALSE	4063851	-4.00886e-05	5e-05	5	0.001032114028930664	Dart	
357	3.1416037397	13905.0	20000	FALSE	1061152	1.11397e-05	5e-05	5	0.0318448543548584	Dart	
358	3.1416309013	233.0	20000	FALSE	178914	3.83013e-05	5e-05	5	0.0004749298095703125	Dart	
359	3.1415711948	4888.0	20000	FALSE	9373310	-2.14052e-05	5e-05	5	0.01001596450805664	Dart	
360	3.1415830546	1794.0	20000	FALSE	7371041	-9.5454e-06	5e-05	5	0.0036230087280273438	Dart	
361	3.1415984896	1589.0	20000	FALSE	4834768	5.8896e-06	5e-05	5	0.003278970718383789	Dart	
362	3.1416309013	466.0	20000	FALSE	1281389	3.83013e-05	5e-05	5	0.0009672641754150391	Dart	
363	3.1416309013	466.0	20000	FALSE	479628	3.83013e-05	5e-05	5	0.0009541511535644531	Dart	
364	3.1416309013	1631.0	20000	FALSE	5019567	3.83013e-05	5e-05	5	0.0033380985260009766	Dart	
365	3.1416309013	2330.0	20000	FALSE	77840	3.83013e-05	5e-05	5	0.00577998161315918	Dart	
366	3.1415525114	1752.0	20000	FALSE	8859507	-4.00886e-05	5e-05	5	0.004224061965942383	Dart	
367	3.1415525114	1971.0	20000	FALSE	3691639	-4.00886e-05	5e-05	5	0.00407719612121582	Dart	
368	3.1416159861	1151.0	20000	FALSE	1393873	2.33861e-05	5e-05	5	0.002474069595336914	Dart	
369	3.1416037046	8206.0	20000	FALSE	2103723	1.11046e-05	5e-05	5	0.018641233444213867	Dart	
370	3.1415525114	657.0	20000	FALSE	5496529	-4.00886e-05	5e-05	5	0.0013277530670166016	Dart	
371	3.1416309013	932.0	20000	FALSE	61217	3.83013e-05	5e-05	5	0.0019309520721435547	Dart	
372	3.1416159861	1151.0	20000	FALSE	2530123	2.33861e-05	5e-05	5	0.0023097991943359375	Dart	
373	3.1416202845	4851.0	20000	FALSE	184751	2.76845e-05	5e-05	5	0.00981283187866211	Dart	
374	3.1416309013	932.0	20000	FALSE	6978176	3.83013e-05	5e-05	5	0.0018880367279052734	Dart	
375	3.1415677754	5983.0	20000	FALSE	9283795	-2.48246e-05	5e-05	5	0.012148141860961914	Dart	
376	3.1416256158	3248.0	20000	FALSE	7169551	3.30158e-05	5e-05	5	0.006973981857299805	Dart	
377	3.1416202845	1617.0	20000	FALSE	5348833	2.76845e-05	5e-05	5	0.003276824951171875	Dart	
378	3.1415525114	219.0	20000	FALSE	2750297	-4.00886e-05	5e-05	5	0.00044798851013183594	Dart	
379	3.1415689811	2218.0	20000	FALSE	7833105	-2.36189e-05	5e-05	5	0.005048990249633789	Dart	
380	3.1415525114	876.0	20000	FALSE	3810600	-4.00886e-05	5e-05	5	0.0018188953399658203	Dart	
381	3.1416309013	466.0	20000	FALSE	7648650	3.83013e-05	5e-05	5	0.0023870468139648438	Dart	
382	3.1415525114	219.0	20000	FALSE	3624749	-4.00886e-05	5e-05	5	0.0009348392486572266	Dart	
383	3.1415929204	452.0	20000	FALSE	4220587	3.204e-07	5e-05	5	0.0024640560150146484	Dart	
384	3.1416149068	3220.0	20000	FALSE	7476800	2.23068e-05	5e-05	5	0.012407064437866211	Dart	
385	3.1415525114	219.0	20000	FALSE	4306399	-4.00886e-05	5e-05	5	0.0008547306060791016	Dart	
386	3.1416007036	2274.0	20000	FALSE	4057875	8.1036e-06	5e-05	5	0.0070340633392333984	Dart	
387	3.1415525114	1314.0	20000	FALSE	5372469	-4.00886e-05	5e-05	5	0.0027921199798583984	Dart	
388	3.1416309013	1165.0	20000	FALSE	1796080	3.83013e-05	5e-05	5	0.004766941070556641	Dart	
389	3.1415929204	1808.0	20000	FALSE	961324	3.204e-07	5e-05	5	0.004725933074951172	Dart	
390	3.1415859723	3821.0	20000	FALSE	6707726	-6.6277e-06	5e-05	5	0.010646820068359375	Dart	
391	3.1415689811	1109.0	20000	FALSE	35466	-2.36189e-05	5e-05	5	0.0023670196533203125	Dart	
392	3.1416058394	1370.0	20000	FALSE	1147179	1.32394e-05	5e-05	5	0.003289937973022461	Dart	
393	3.1415754531	11146.0	20000	FALSE	4808215	-1.71469e-05	5e-05	5	0.027491092681884766	Dart	
394	3.1415525114	876.0	20000	FALSE	7847761	-4.00886e-05	5e-05	5	0.0017919540405273438	Dart	
395	3.1415525114	219.0	20000	FALSE	1448876	-4.00886e-05	5e-05	5	0.0004527568817138672	Dart	
396	3.1415525114	1095.0	20000	FALSE	6250907	-4.00886e-05	5e-05	5	0.002299070358276367	Dart	
397	3.1415730337	890.0	20000	FALSE	1842046	-1.95663e-05	5e-05	5	0.0019237995147705078	Dart	
398	3.1415711948	4888.0	20000	FALSE	9554734	-2.14052e-05	5e-05	5	0.011058807373046875	Dart	
399	3.1416149954	14031.0	20000	FALSE	5392153	2.23954e-05	5e-05	5	0.0344240665435791	Dart	
400	3.1415969034	11109.0	50000	FALSE	1435845	4.3034e-06	5e-06	6	0.02426910400390625	Dart	
401	3.1415929204	452.0	50000	FALSE	3989206	3.204e-07	5e-06	6	0.0009770393371582031	Dart	
402	3.1415929204	452.0	50000	FALSE	7500889	3.204e-07	5e-06	6	0.0013501644134521484	Dart	
403	3.1415929204	2260.0	50000	FALSE	5522237	3.204e-07	5e-06	6	0.004590034484863281	Dart	
404	3.1415908561	17148.0	50000	FALSE	9187515	-1.7439e-06	5e-06	6	0.04530596733093262	Dart	
405	3.1415929204	452.0	50000	FALSE	4292362	3.204e-07	5e-06	6	0.002112150192260742	Dart	
406	3.1415946206	5205.0	50000	FALSE	7557716	2.0206e-06	5e-06	6	0.014266729354858398	Dart	
407	3.1415929204	1808.0	50000	FALSE	5434584	3.204e-07	5e-06	6	0.005773782730102539	Dart	
408	3.1415908561	4287.0	50000	FALSE	2387375	-1.7439e-06	5e-06	6	0.011065006256103516	Dart	
409	3.1415959253	8835.0	50000	FALSE	2346847	3.3253e-06	5e-06	6	0.023448944091796875	Dart	
410	3.1415929204	452.0	50000	FALSE	9257281	3.204e-07	5e-06	6	0.0009598731994628906	Dart	
411	3.1415972562	2041.0	50000	FALSE	7045545	4.6562e-06	5e-06	6	0.004639148712158203	Dart	
412	3.141594071	46146.0	50000	FALSE	4408422	1.471e-06	5e-06	6	0.1324772834777832	Dart	
413	3.1415887246	23201.0	50000	FALSE	2840614	-3.8754e-06	5e-06	6	0.06031203269958496	Dart	
414	3.1415964701	2493.0	50000	FALSE	5441318	3.8701e-06	5e-06	6	0.006408214569091797	Dart	
415	3.1415885545	10135.0	50000	FALSE	1382653	-4.0455e-06	5e-06	6	0.027235984802246094	Dart	
416	3.1415888566	6533.0	50000	FALSE	4333459	-3.7434e-06	5e-06	6	0.014761924743652344	Dart	
417	3.141588127	9231.0	50000	FALSE	6311020	-4.473e-06	5e-06	6	0.0240781307220459	Dart	
418	3.1415908987	21887.0	50000	FALSE	400731	-1.7013e-06	5e-06	6	0.08254718780517578	Dart	
419	3.1415929204	3164.0	50000	FALSE	9255845	3.204e-07	5e-06	6	0.007558107376098633	Dart	
420	3.1415955845	19930.0	50000	FALSE	6784761	2.9845e-06	5e-06	6	0.0956730842590332	Dart	
421	3.141587747	34212.0	50000	FALSE	3382204	-4.853e-06	5e-06	6	0.1443800926208496	Dart	
422	3.1415929204	4972.0	50000	FALSE	313185	3.204e-07	5e-06	6	0.01559305191040039	Dart	
423	3.1415899011	2931.0	50000	FALSE	3421027	-2.6989e-06	5e-06	6	0.006410121917724609	Dart	
424	3.1415966984	7027.0	50000	FALSE	4490523	4.0984e-06	5e-06	6	0.01895904541015625	Dart	
425	3.1415929204	4972.0	50000	FALSE	7046287	3.204e-07	5e-06	6	0.014268875122070312	Dart	
426	3.141595779	9287.0	50000	FALSE	1953377	3.179e-06	5e-06	6	0.027189016342163086	Dart	
427	3.1415941058	7465.0	50000	FALSE	4087907	1.5058e-06	5e-06	6	0.020576953887939453	Dart	
428	3.1415929204	1356.0	50000	FALSE	5789906	3.204e-07	5e-06	6	0.0034050941467285156	Dart	
429	3.1415929204	1356.0	50000	FALSE	7487442	3.204e-07	5e-06	6	0.00580596923828125	Dart	
430	3.141595092	16300.0	50000	FALSE	3006465	2.492e-06	5e-06	6	0.04213094711303711	Dart	
431	3.1415922885	28010.0	50000	FALSE	2522801	-3.115e-07	5e-06	6	0.10409188270568848	Dart	
432	3.1415929204	1356.0	50000	FALSE	2736868	3.204e-07	5e-06	6	0.006459951400756836	Dart	
433	3.1415929204	904.0	50000	FALSE	579799	3.204e-07	5e-06	6	0.0018167495727539062	Dart	
434	3.1415880067	3602.0	50000	FALSE	8850710	-4.5933e-06	5e-06	6	0.010648727416992188	Dart	
435	3.1415879701	30391.0	50000	FALSE	4340254	-4.6299e-06	5e-06	6	0.0802149772644043	Dart	
436	3.1415893505	7437.0	50000	FALSE	1796748	-3.2495e-06	5e-06	6	0.021197080612182617	Dart	
437	3.1415921207	11067.0	50000	FALSE	7412745	-4.793e-07	5e-06	6	0.031332969665527344	Dart	
438	3.141594369	36654.0	50000	FALSE	8510501	1.769e-06	5e-06	6	0.08237218856811523	Dart	
439	3.1415885545	2027.0	50000	FALSE	2091455	-4.0455e-06	5e-06	6	0.004576206207275391	Dart	
440	3.1415939874	49762.0	50000	FALSE	3966529	1.3874e-06	5e-06	6	0.11426591873168945	Dart	
441	3.1415900131	12176.0	50000	FALSE	6269048	-2.5869e-06	5e-06	6	0.025576114654541016	Dart	
442	3.1415912637	16025.0	50000	FALSE	6097610	-1.3363e-06	5e-06	6	0.03973197937011719	Dart	
443	3.1415929204	452.0	50000	FALSE	5642466	3.204e-07	5e-06	6	0.0013859272003173828	Dart	
444	3.1415929204	4972.0	50000	FALSE	4526030	3.204e-07	5e-06	6	0.014300107955932617	Dart	
445	3.1415929204	2260.0	50000	FALSE	2236133	3.204e-07	5e-06	6	0.004628896713256836	Dart	
446	3.1415885545	6081.0	50000	FALSE	547115	-4.0455e-06	5e-06	6	0.012353181838989258	Dart	
447	3.1415929204	1356.0	50000	FALSE	5180926	3.204e-07	5e-06	6	0.0029549598693847656	Dart	
448	3.1415909703	40843.0	50000	FALSE	7836266	-1.6297e-06	5e-06	6	0.09079909324645996	Dart	
449	3.1415929204	1356.0	50000	FALSE	9543795	3.204e-07	5e-06	6	0.0039560794830322266	Dart	
450	3.1415895551	7889.0	50000	FALSE	8790533	-3.0449e-06	5e-06	6	0.020652055740356445	Dart	
451	3.141593719	11081.0	50000	FALSE	1826017	1.119e-06	5e-06	6	0.023576974868774414	Dart	
452	3.1415955845	19930.0	50000	FALSE	7965935	2.9845e-06	5e-06	6	0.04386425018310547	Dart	
453	3.1415893505	2479.0	50000	FALSE	6722253	-3.2495e-06	5e-06	6	0.00500798225402832	Dart	
454	3.1415899011	2931.0	50000	FALSE	375542	-2.6989e-06	5e-06	6	0.0059278011322021484	Dart	
455	3.1415885545	4054.0	50000	FALSE	4839413	-4.0455e-06	5e-06	6	0.008382081985473633	Dart	
456	3.1415929204	904.0	50000	FALSE	3473965	3.204e-07	5e-06	6	0.0018749237060546875	Dart	
457	3.1415883354	27022.0	50000	FALSE	3903317	-4.2646e-06	5e-06	6	0.05763101577758789	Dart	
458	3.1415959253	2945.0	50000	FALSE	8092583	3.3253e-06	5e-06	6	0.00599217414855957	Dart	
459	3.1415880932	12833.0	50000	FALSE	9983824	-4.5068e-06	5e-06	6	0.026196956634521484	Dart	
460	3.1415949779	8602.0	50000	FALSE	2958620	2.3779e-06	5e-06	6	0.02171611785888672	Dart	
461	3.1415929204	904.0	50000	FALSE	348028	3.204e-07	5e-06	6	0.002202272415161133	Dart	
462	3.1415952195	3849.0	50000	FALSE	6539929	2.6195e-06	5e-06	6	0.009730815887451172	Dart	
463	3.1415893505	4958.0	50000	FALSE	7716452	-3.2495e-06	5e-06	6	0.012069940567016602	Dart	
464	3.1415896488	5410.0	50000	FALSE	9100733	-2.9512e-06	5e-06	6	0.011406183242797852	Dart	
465	3.1415903045	3383.0	50000	FALSE	5421188	-2.2955e-06	5e-06	6	0.006855964660644531	Dart	
466	3.1415929204	1356.0	50000	FALSE	8087085	3.204e-07	5e-06	6	0.0027420520782470703	Dart	
467	3.1415878802	8779.0	50000	FALSE	7881911	-4.7198e-06	5e-06	6	0.017788171768188477	Dart	
468	3.1415952195	3849.0	50000	FALSE	7283133	2.6195e-06	5e-06	6	0.007857084274291992	Dart	
469	3.1415951329	11999.0	50000	FALSE	3752504	2.5329e-06	5e-06	6	0.02524709701538086	Dart	
470	3.1415880067	3602.0	50000	FALSE	7844992	-4.5933e-06	5e-06	6	0.008762121200561523	Dart	
471	3.1415880067	14408.0	50000	FALSE	431924	-4.5933e-06	5e-06	6	0.02945733070373535	Dart	
472	3.1415885545	2027.0	50000	FALSE	9040801	-4.0455e-06	5e-06	6	0.0041961669921875	Dart	
473	3.141596824	40806.0	50000	FALSE	2540367	4.224e-06	5e-06	6	0.0905611515045166	Dart	
474	3.1415929204	7684.0	50000	FALSE	3099939	3.204e-07	5e-06	6	0.01572895050048828	Dart	
475	3.1415972562	2041.0	50000	FALSE	3110716	4.6562e-06	5e-06	6	0.0041348934173583984	Dart	
476	3.1415912156	10382.0	50000	FALSE	8232399	-1.3844e-06	5e-06	6	0.025506973266601562	Dart	
477	3.1415906788	15792.0	50000	FALSE	5469489	-1.9212e-06	5e-06	6	0.03484201431274414	Dart	
478	3.1415906426	34967.0	50000	FALSE	4402016	-1.9574e-06	5e-06	6	0.07723522186279297	Dart	
479	3.1415884109	27474.0	50000	FALSE	306066	-4.1891e-06	5e-06	6	0.06451082229614258	Dart	
480	3.1415891195	13970.0	50000	FALSE	766600	-3.4805e-06	5e-06	6	0.028123140335083008	Dart	
481	3.1415972562	16328.0	50000	FALSE	9275159	4.6562e-06	5e-06	6	0.03568100929260254	Dart	
482	3.1415944847	5657.0	50000	FALSE	5986515	1.8847e-06	5e-06	6	0.015404939651489258	Dart	
483	3.1415877922	10354.0	50000	FALSE	9867407	-4.8078e-06	5e-06	6	0.022190093994140625	Dart	
484	3.1415964701	2493.0	50000	FALSE	7759641	3.8701e-06	5e-06	6	0.00504612922668457	Dart	
485	3.1415906128	3835.0	50000	FALSE	8935187	-1.9872e-06	5e-06	6	0.00780487060546875	Dart	
486	3.1415880067	3602.0	50000	FALSE	941809	-4.5933e-06	5e-06	6	0.007442951202392578	Dart	
487	3.1415885545	2027.0	50000	FALSE	6900570	-4.0455e-06	5e-06	6	0.004076719284057617	Dart	
488	3.1415949779	4301.0	50000	FALSE	7485711	2.3779e-06	5e-06	6	0.008669853210449219	Dart	
489	3.141588785	8560.0	50000	FALSE	4459411	-3.815e-06	5e-06	6	0.022771120071411133	Dart	
490	3.1415917327	7451.0	50000	FALSE	9006108	-8.673e-07	5e-06	6	0.018233776092529297	Dart	
491	3.1415877922	5177.0	50000	FALSE	3658114	-4.8078e-06	5e-06	6	0.014059066772460938	Dart	
492	3.1415929204	2260.0	50000	FALSE	4697157	3.204e-07	5e-06	6	0.005842924118041992	Dart	
493	3.1415882968	7656.0	50000	FALSE	7487390	-4.3032e-06	5e-06	6	0.02407693862915039	Dart	
494	3.1415931232	43625.0	50000	FALSE	933355	5.232e-07	5e-06	6	0.10293722152709961	Dart	
495	3.1415896488	5410.0	50000	FALSE	8820507	-2.9512e-06	5e-06	6	0.013921022415161133	Dart	
496	3.1415885545	2027.0	50000	FALSE	3915561	-4.0455e-06	5e-06	6	0.006563663482666016	Dart	
497	3.1415899011	2931.0	50000	FALSE	2664590	-2.6989e-06	5e-06	6	0.006779909133911133	Dart	
498	3.1415899011	5862.0	50000	FALSE	6157652	-2.6989e-06	5e-06	6	0.013602256774902344	Dart	
499	3.1415885545	6081.0	50000	FALSE	5138717	-4.0455e-06	5e-06	6	0.01355290412902832	Dart	
500	3.1415921866	60307.0	100000	FALSE	8199881	-4.134e-07	5e-07	7	0.13428711891174316	Dart	
501	3.1415929204	29832.0	100000	FALSE	5281072	3.204e-07	5e-07	7	0.0692300796508789	Dart	
502	3.1415929204	4068.0	100000	FALSE	6437757	3.204e-07	5e-07	7	0.008697032928466797	Dart	
503	3.1415924245	17847.0	100000	FALSE	1734075	-1.755e-07	5e-07	7	0.04293227195739746	Dart	
504	3.1415929204	4068.0	100000	FALSE	137154	3.204e-07	5e-07	7	0.008244991302490234	Dart	
505	3.1415925912	26887.0	100000	FALSE	9021555	-8.8e-09	5e-07	7	0.05797600746154785	Dart	
506	3.1415929204	2260.0	100000	FALSE	954659	3.204e-07	5e-07	7	0.005258083343505859	Dart	
507	3.1415929204	1808.0	100000	FALSE	5223750	3.204e-07	5e-07	7	0.003750324249267578	Dart	
508	3.1415929204	1808.0	100000	FALSE	1187871	3.204e-07	5e-07	7	0.0036170482635498047	Dart	
509	3.1415929204	6780.0	100000	FALSE	132335	3.204e-07	5e-07	7	0.013679027557373047	Dart	
510	3.1415929204	904.0	100000	FALSE	2868390	3.204e-07	5e-07	7	0.0018444061279296875	Dart	
511	3.1415929204	7684.0	100000	FALSE	3313214	3.204e-07	5e-07	7	0.01674485206604004	Dart	
512	3.1415929204	452.0	100000	FALSE	7581746	3.204e-07	5e-07	7	0.0009357929229736328	Dart	
513	3.1415924946	41570.0	100000	FALSE	1892982	-1.054e-07	5e-07	7	0.09556913375854492	Dart	
514	3.1415929204	452.0	100000	FALSE	1117686	3.204e-07	5e-07	7	0.0013229846954345703	Dart	
515	3.1415929204	5424.0	100000	FALSE	8483182	3.204e-07	5e-07	7	0.012331008911132812	Dart	
516	3.1415929204	2712.0	100000	FALSE	9241839	3.204e-07	5e-07	7	0.0055010318756103516	Dart	
517	3.1415929204	452.0	100000	FALSE	1035630	3.204e-07	5e-07	7	0.0009112358093261719	Dart	
518	3.1415929204	13108.0	100000	FALSE	6008944	3.204e-07	5e-07	7	0.02661609649658203	Dart	
519	3.1415925207	44282.0	100000	FALSE	7531455	-7.93e-08	5e-07	7	0.09610319137573242	Dart	
520	3.1415929204	2712.0	100000	FALSE	8653790	3.204e-07	5e-07	7	0.005789995193481445	Dart	
521	3.1415929204	71868.0	100000	FALSE	1368505	3.204e-07	5e-07	7	0.15408897399902344	Dart	
522	3.1415929204	5424.0	100000	FALSE	9901763	3.204e-07	5e-07	7	0.012957096099853516	Dart	
523	3.1415922563	26654.0	100000	FALSE	1260184	-3.437e-07	5e-07	7	0.058177947998046875	Dart	
524	3.1415926302	30503.0	100000	FALSE	6432611	3.02e-08	5e-07	7	0.06736207008361816	Dart	
525	3.1415923686	16039.0	100000	FALSE	7578913	-2.314e-07	5e-07	7	0.041749000549316406	Dart	
526	3.1415929204	35256.0	100000	FALSE	8498879	3.204e-07	5e-07	7	0.1177377700805664	Dart	
527	3.1415929204	452.0	100000	FALSE	5000981	3.204e-07	5e-07	7	0.0009210109710693359	Dart	
528	3.1415929204	5424.0	100000	FALSE	97589	3.204e-07	5e-07	7	0.011051654815673828	Dart	
529	3.1415929204	50624.0	100000	FALSE	2789746	3.204e-07	5e-07	7	0.14581799507141113	Dart	
530	3.1415929204	17628.0	100000	FALSE	2052776	3.204e-07	5e-07	7	0.03723406791687012	Dart	
531	3.1415923686	64156.0	100000	FALSE	5000088	-2.314e-07	5e-07	7	0.14342713356018066	Dart	
532	3.1415923176	29366.0	100000	FALSE	293617	-2.824e-07	5e-07	7	0.06513786315917969	Dart	
533	3.1415923442	30722.0	100000	FALSE	8787394	-2.558e-07	5e-07	7	0.06802201271057129	Dart	
534	3.1415930248	84757.0	100000	FALSE	1610506	4.248e-07	5e-07	7	0.19971680641174316	Dart	
535	3.1415929204	904.0	100000	FALSE	3289100	3.204e-07	5e-07	7	0.0018181800842285156	Dart	
536	3.1415921367	22586.0	100000	FALSE	8222610	-4.633e-07	5e-07	7	0.052865028381347656	Dart	
537	3.1415929204	4520.0	100000	FALSE	8443176	3.204e-07	5e-07	7	0.012438774108886719	Dart	
538	3.1415922985	14231.0	100000	FALSE	7341615	-3.015e-07	5e-07	7	0.03377103805541992	Dart	
539	3.1415929204	15368.0	100000	FALSE	2425549	3.204e-07	5e-07	7	0.033057212829589844	Dart	
540	3.141592398	16943.0	100000	FALSE	7865115	-2.02e-07	5e-07	7	0.03426098823547363	Dart	
541	3.1415925473	71169.0	100000	FALSE	6560521	-5.27e-08	5e-07	7	0.15177392959594727	Dart	
542	3.1415929204	13108.0	100000	FALSE	4225814	3.204e-07	5e-07	7	0.0314640998840332	Dart	
543	3.1415924649	38858.0	100000	FALSE	5310149	-1.351e-07	5e-07	7	0.08730196952819824	Dart	
544	3.1415925543	48350.0	100000	FALSE	2240705	-4.57e-08	5e-07	7	0.11794495582580566	Dart	
545	3.1415922781	96453.0	100000	FALSE	3290495	-3.219e-07	5e-07	7	0.2159590721130371	Dart	
546	3.1415924116	34790.0	100000	FALSE	3454071	-1.884e-07	5e-07	7	0.07697606086730957	Dart	
547	3.1415929204	452.0	100000	FALSE	7153179	3.204e-07	5e-07	7	0.0012028217315673828	Dart	
548	3.1415922985	28462.0	100000	FALSE	3851930	-3.015e-07	5e-07	7	0.0622408390045166	Dart	
549	3.1415925856	26435.0	100000	FALSE	9892911	-1.44e-08	5e-07	7	0.05950593948364258	Dart	
550	3.1415923837	16491.0	100000	FALSE	8682305	-2.163e-07	5e-07	7	0.036995887756347656	Dart	
551	3.1415921811	11971.0	100000	FALSE	2132609	-4.189e-07	5e-07	7	0.02656412124633789	Dart	
552	3.1415925325	22819.0	100000	FALSE	7266068	-6.75e-08	5e-07	7	0.05559086799621582	Dart	
553	3.1415929204	4972.0	100000	FALSE	6503044	3.204e-07	5e-07	7	0.012522220611572266	Dart	
554	3.1415926273	90605.0	100000	FALSE	9979929	2.73e-08	5e-07	7	0.21281099319458008	Dart	
555	3.141592768	58075.0	100000	FALSE	7730949	1.68e-07	5e-07	7	0.12020111083984375	Dart	
556	3.1415929204	12656.0	100000	FALSE	2958108	3.204e-07	5e-07	7	0.041398048400878906	Dart	
557	3.1415929204	10848.0	100000	FALSE	6644522	3.204e-07	5e-07	7	0.035806894302368164	Dart	
558	3.1415929204	23504.0	100000	FALSE	9139047	3.204e-07	5e-07	7	0.07473206520080566	Dart	
559	3.1415929204	1356.0	100000	FALSE	2784389	3.204e-07	5e-07	7	0.004093170166015625	Dart	
560	3.1415929204	904.0	100000	FALSE	7517968	3.204e-07	5e-07	7	0.0018239021301269531	Dart	
561	3.1415923763	32530.0	100000	FALSE	5904842	-2.237e-07	5e-07	7	0.09783101081848145	Dart	
562	3.1415923837	16491.0	100000	FALSE	8899674	-2.163e-07	5e-07	7	0.05703282356262207	Dart	
563	3.1415929204	11300.0	100000	FALSE	8919390	3.204e-07	5e-07	7	0.03313899040222168	Dart	
564	3.1415922563	26654.0	100000	FALSE	757098	-3.437e-07	5e-07	7	0.08214664459228516	Dart	
565	3.1415929204	7232.0	100000	FALSE	9919655	3.204e-07	5e-07	7	0.02128887176513672	Dart	
566	3.1415921207	33201.0	100000	FALSE	3831309	-4.793e-07	5e-07	7	0.08313703536987305	Dart	
567	3.1415929204	1808.0	100000	FALSE	7880359	3.204e-07	5e-07	7	0.004375934600830078	Dart	
568	3.1415923526	15587.0	100000	FALSE	1900985	-2.474e-07	5e-07	7	0.04891705513000488	Dart	
569	3.1415929204	18080.0	100000	FALSE	3060309	3.204e-07	5e-07	7	0.03913378715515137	Dart	
570	3.1415929204	2712.0	100000	FALSE	817941	3.204e-07	5e-07	7	0.006265163421630859	Dart	
571	3.1415922563	93289.0	100000	FALSE	849632	-3.437e-07	5e-07	7	0.2589738368988037	Dart	
572	3.1415929204	37516.0	100000	FALSE	3947045	3.204e-07	5e-07	7	0.09018611907958984	Dart	
573	3.1415929204	8588.0	100000	FALSE	5503613	3.204e-07	5e-07	7	0.028049945831298828	Dart	
574	3.1415929204	8588.0	100000	FALSE	7191582	3.204e-07	5e-07	7	0.032579898834228516	Dart	
575	3.1415929204	12204.0	100000	FALSE	6528065	3.204e-07	5e-07	7	0.04835772514343262	Dart	
576	3.1415923526	31174.0	100000	FALSE	6903398	-2.474e-07	5e-07	7	0.10329389572143555	Dart	
577	3.1415929204	904.0	100000	FALSE	6079788	3.204e-07	5e-07	7	0.0055539608001708984	Dart	
578	3.1415929204	1356.0	100000	FALSE	1947275	3.204e-07	5e-07	7	0.0030972957611083984	Dart	
579	3.141592146	57143.0	100000	FALSE	2291983	-4.54e-07	5e-07	7	0.14570307731628418	Dart	
580	3.1415929204	2260.0	100000	FALSE	549281	3.204e-07	5e-07	7	0.004849910736083984	Dart	
581	3.1415929204	1808.0	100000	FALSE	7701493	3.204e-07	5e-07	7	0.003659963607788086	Dart	
582	3.1415929204	1808.0	100000	FALSE	9608128	3.204e-07	5e-07	7	0.003801107406616211	Dart	
583	3.1415929204	6780.0	100000	FALSE	885109	3.204e-07	5e-07	7	0.013848066329956055	Dart	
584	3.1415924367	36598.0	100000	FALSE	9744778	-1.633e-07	5e-07	7	0.08944511413574219	Dart	
585	3.1415921903	36365.0	100000	FALSE	4314591	-4.097e-07	5e-07	7	0.0834798812866211	Dart	
586	3.1415921272	55787.0	100000	FALSE	1889792	-4.728e-07	5e-07	7	0.1566929817199707	Dart	
587	3.1415929204	2712.0	100000	FALSE	997998	3.204e-07	5e-07	7	0.006200075149536133	Dart	
588	3.1415929204	11300.0	100000	FALSE	5155506	3.204e-07	5e-07	7	0.027944087982177734	Dart	
589	3.1415929204	2260.0	100000	FALSE	5595135	3.204e-07	5e-07	7	0.006247043609619141	Dart	
590	3.141592104	21682.0	100000	FALSE	5725322	-4.96e-07	5e-07	7	0.0543370246887207	Dart	
591	3.1415925798	25983.0	100000	FALSE	6486082	-2.02e-08	5e-07	7	0.06535100936889648	Dart	
592	3.1415929204	19888.0	100000	FALSE	6006554	3.204e-07	5e-07	7	0.08116579055786133	Dart	
593	3.1415929204	7232.0	100000	FALSE	4567331	3.204e-07	5e-07	7	0.029874086380004883	Dart	
594	3.1415929204	14464.0	100000	FALSE	2097101	3.204e-07	5e-07	7	0.041316986083984375	Dart	
595	3.1415929204	6328.0	100000	FALSE	2178278	3.204e-07	5e-07	7	0.02352309226989746	Dart	
596	3.1415929204	2712.0	100000	FALSE	9668853	3.204e-07	5e-07	7	0.009418010711669922	Dart	
597	3.1415929204	51076.0	100000	FALSE	532728	3.204e-07	5e-07	7	0.19194793701171875	Dart	
598	3.1415925247	22367.0	100000	FALSE	7756891	-7.53e-08	5e-07	7	0.06248021125793457	Dart	
599	3.1415929204	452.0	100000	FALSE	7078598	3.204e-07	5e-07	7	0.0009350776672363281	Dart	
