Experiment	ID	RunTime	IsCensored	OFTol	Error	CntProbe	Sig Figs	CntProbeLmt	Pi Hat	SeedInit	
Parallel	2	8.702278137207031e-05	False	0.05	0.0012644893	11.0	1	15625000000	3.1428571429	1094408	
Parallel	3	0.00014495849609375	False	0.05	-0.0304815425	14.0	1	15625000000	3.1111111111	5931557	
Parallel	4	0.00011444091796875	False	0.05	-0.0506835627	17.0	1	15625000000	3.0909090909	8917707	
Parallel	5	8.368492126464844e-05	False	0.05	0.0012644893	11.0	1	15625000000	3.1428571429	2762178	
Parallel	6	0.00010085105895996094	False	0.05	-0.0304815425	14.0	1	15625000000	3.1111111111	6917265	
Parallel	7	0.00031685829162597656	False	0.05	-0.0827691242	52.0	1	15625000000	3.0588235294	615431	
Parallel	8	7.915496826171875e-05	False	0.05	0.0012644893	11.0	1	15625000000	3.1428571429	9193811	
Parallel	9	0.0018606185913085938	False	0.05	0.0073435166	296.0	1	15625000000	3.1489361702	8836378	
Parallel	10	0.00010156631469726562	False	0.05	-0.0304815425	14.0	1	15625000000	3.1111111111	6690761	
Parallel	11	0.00011801719665527344	False	0.05	-0.0506835627	17.0	1	15625000000	3.0909090909	4179493	
Parallel	12	0.00015044212341308594	False	0.05	-0.0646695767	20.0	1	15625000000	3.0769230769	2103849	
Parallel	13	8.082389831542969e-05	False	0.05	0.0012644893	11.0	1	15625000000	3.1428571429	9758090	
Parallel	14	0.00010251998901367188	False	0.05	-0.0304815425	14.0	1	15625000000	3.1111111111	6225315	
Parallel	15	0.00016355514526367188	False	0.05	-0.0827691242	26.0	1	15625000000	3.0588235294	7164868	
Parallel	16	0.0008022785186767578	False	0.05	-0.0841213892	133.0	1	15625000000	3.0574712644	9525840	
Parallel	17	8.368492126464844e-05	False	0.05	0.0012644893	11.0	1	15625000000	3.1428571429	1368560	
Parallel	18	8.034706115722656e-05	False	0.05	0.0012644893	11.0	1	15625000000	3.1428571429	5245694	
Parallel	19	9.226799011230469e-05	False	0.05	0.0012644893	11.0	1	15625000000	3.1428571429	9154751	
Parallel	20	8.678436279296875e-05	False	0.05	0.0012644893	11.0	1	15625000000	3.1428571429	300065	
Parallel	21	0.0001823902130126953	False	0.05	-0.0304815425	28.0	1	15625000000	3.1111111111	1892945	
Parallel	22	0.0003325939178466797	False	0.05	-0.086037098	55.0	1	15625000000	3.0555555556	5320982	
Parallel	23	9.202957153320312e-05	False	0.05	-0.0304815425	14.0	1	15625000000	3.1111111111	1251477	
Parallel	24	9.846687316894531e-05	False	0.05	-0.0304815425	14.0	1	15625000000	3.1111111111	170597	
Parallel	25	7.915496826171875e-05	False	0.05	0.0012644893	11.0	1	15625000000	3.1428571429	4369289	
Parallel	26	7.963180541992188e-05	False	0.05	0.0012644893	11.0	1	15625000000	3.1428571429	4766462	
Parallel	27	9.846687316894531e-05	False	0.05	-0.0304815425	14.0	1	15625000000	3.1111111111	360266	
Parallel	28	0.0006268024444580078	False	0.05	-0.086037098	110.0	1	15625000000	3.0555555556	8251106	
Parallel	29	0.0001800060272216797	False	0.05	-0.0827691242	26.0	1	15625000000	3.0588235294	2426262	
Parallel	30	0.0010447502136230469	False	0.05	-0.0796457509	173.0	1	15625000000	3.0619469027	2116807	
Parallel	31	0.00010037422180175781	False	0.05	-0.0304815425	14.0	1	15625000000	3.1111111111	1985575	
Parallel	32	0.0004019737243652344	False	0.05	-0.0052290172	69.0	1	15625000000	3.1363636364	2090911	
Parallel	33	0.00011587142944335938	False	0.05	-0.0506835627	17.0	1	15625000000	3.0909090909	9358163	
Parallel	34	0.21648049354553223	False	0.05	0.0083729111	36590.0	1	15625000000	3.1499655647	2478700	
Parallel	35	0.0002574920654296875	False	0.05	-0.0304815425	42.0	1	15625000000	3.1111111111	8352643	
Parallel	36	0.0001437664031982422	False	0.05	0.0012644893	22.0	1	15625000000	3.1428571429	4169131	
Parallel	37	9.584426879882812e-05	False	0.05	-0.0304815425	14.0	1	15625000000	3.1111111111	6096712	
Parallel	38	0.00013756752014160156	False	0.05	0.0012644893	22.0	1	15625000000	3.1428571429	6758644	
Parallel	39	0.00015020370483398438	False	0.05	-0.0749259869	23.0	1	15625000000	3.0666666667	9764317	
Parallel	40	0.0030794143676757812	False	0.05	-0.0871708849	449.0	1	15625000000	3.0544217687	8890031	
Parallel	41	8.177757263183594e-05	False	0.05	0.0012644893	11.0	1	15625000000	3.1428571429	5527582	
Parallel	42	0.0003523826599121094	False	0.05	-0.0646695767	60.0	1	15625000000	3.0769230769	2070584	
Parallel	43	9.965896606445312e-05	False	0.05	-0.0304815425	14.0	1	15625000000	3.1111111111	8652934	
Parallel	44	0.0007483959197998047	False	0.05	-0.0813516897	127.0	1	15625000000	3.0602409639	9937573	
Parallel	45	7.796287536621094e-05	False	0.05	0.0012644893	11.0	1	15625000000	3.1428571429	9930896	
Parallel	46	9.655952453613281e-05	False	0.05	-0.0304815425	14.0	1	15625000000	3.1111111111	1764599	
Parallel	47	7.486343383789062e-05	False	0.05	0.0012644893	11.0	1	15625000000	3.1428571429	1744266	
Parallel	48	0.0001399517059326172	False	0.05	0.0012644893	22.0	1	15625000000	3.1428571429	6799009	
Parallel	49	0.00010728836059570312	False	0.05	0.0012644893	11.0	1	15625000000	3.1428571429	4155925	
Parallel	50	9.179115295410156e-05	False	0.05	-0.0304815425	14.0	1	15625000000	3.1111111111	4643795	
Parallel	51	7.891654968261719e-05	False	0.05	0.0012644893	11.0	1	15625000000	3.1428571429	8728848	
Parallel	52	7.772445678710938e-05	False	0.05	0.0012644893	11.0	1	15625000000	3.1428571429	1950653	
Parallel	53	0.00023508071899414062	False	0.05	-0.0215926536	39.0	1	15625000000	3.12	8832752	
Parallel	54	0.0019271373748779297	False	0.05	0.0067327053	329.0	1	15625000000	3.1483253589	7051001	
Parallel	55	0.00010657310485839844	False	0.05	-0.0506835627	17.0	1	15625000000	3.0909090909	4458856	
Parallel	56	8.153915405273438e-05	False	0.05	0.0012644893	11.0	1	15625000000	3.1428571429	1438408	
Parallel	57	0.00024271011352539062	False	0.05	-0.0646695767	40.0	1	15625000000	3.0769230769	9738367	
Parallel	58	0.00030684471130371094	False	0.05	-0.0506835627	51.0	1	15625000000	3.0909090909	1338237	
Parallel	59	0.0013599395751953125	False	0.05	-0.0819900046	231.0	1	15625000000	3.059602649	7205554	
Parallel	60	0.0003159046173095703	False	0.05	-0.0165926536	50.0	1	15625000000	3.125	329572	
Parallel	61	7.390975952148438e-05	False	0.05	0.0012644893	11.0	1	15625000000	3.1428571429	6399379	
Parallel	62	9.036064147949219e-05	False	0.05	-0.0304815425	14.0	1	15625000000	3.1111111111	5165319	
Parallel	63	0.01004171371459961	False	0.05	0.0076610778	1688.0	1	15625000000	3.1492537313	5861181	
Parallel	64	8.702278137207031e-05	False	0.05	0.0012644893	11.0	1	15625000000	3.1428571429	6845277	
Parallel	65	8.0108642578125e-05	False	0.05	0.0012644893	11.0	1	15625000000	3.1428571429	5582485	
Parallel	66	7.557868957519531e-05	False	0.05	0.0012644893	11.0	1	15625000000	3.1428571429	1566015	
Parallel	67	9.72747802734375e-05	False	0.05	0.0012644893	11.0	1	15625000000	3.1428571429	6389532	
Parallel	68	0.00010180473327636719	False	0.05	-0.0304815425	14.0	1	15625000000	3.1111111111	4999958	
Parallel	69	0.00032019615173339844	False	0.05	-0.0239455948	53.0	1	15625000000	3.1176470588	7789161	
Parallel	70	9.703636169433594e-05	False	0.05	-0.0304815425	14.0	1	15625000000	3.1111111111	1374112	
Parallel	71	9.846687316894531e-05	False	0.05	-0.0304815425	14.0	1	15625000000	3.1111111111	9378324	
Parallel	72	0.00017905235290527344	False	0.05	-0.0304815425	28.0	1	15625000000	3.1111111111	3953708	
Parallel	73	9.036064147949219e-05	False	0.05	-0.0304815425	14.0	1	15625000000	3.1111111111	653760	
Parallel	74	0.00015115737915039062	False	0.05	-0.0165926536	25.0	1	15625000000	3.125	9033471	
Parallel	75	0.00649571418762207	False	0.05	0.0077672326	1107.0	1	15625000000	3.1493598862	4677371	
Parallel	76	0.0010533332824707031	False	0.05	-0.0012417764	179.0	1	15625000000	3.1403508772	5080702	
Parallel	77	0.000141143798828125	False	0.05	0.0012644893	22.0	1	15625000000	3.1428571429	6768196	
Parallel	78	9.1552734375e-05	False	0.05	-0.0304815425	14.0	1	15625000000	3.1111111111	6001296	
Parallel	79	0.0008115768432617188	False	0.05	-0.0749259869	138.0	1	15625000000	3.0666666667	7648768	
Parallel	80	0.004083156585693359	False	0.05	-0.0896446016	705.0	1	15625000000	3.0519480519	7439360	
Parallel	81	0.00012445449829101562	False	0.05	-0.0506835627	17.0	1	15625000000	3.0909090909	1996779	
Parallel	82	0.00013303756713867188	False	0.05	-0.0646695767	20.0	1	15625000000	3.0769230769	1987111	
Parallel	83	7.772445678710938e-05	False	0.05	0.0012644893	11.0	1	15625000000	3.1428571429	1505896	
Parallel	84	0.00010991096496582031	False	0.05	-0.0304815425	14.0	1	15625000000	3.1111111111	144032	
Parallel	85	9.870529174804688e-05	False	0.05	-0.0304815425	14.0	1	15625000000	3.1111111111	7542505	
Parallel	86	9.965896606445312e-05	False	0.05	-0.0304815425	14.0	1	15625000000	3.1111111111	8313719	
Parallel	87	7.510185241699219e-05	False	0.05	0.0012644893	11.0	1	15625000000	3.1428571429	4893577	
Parallel	88	0.00037288665771484375	False	0.05	-0.0889610746	58.0	1	15625000000	3.0526315789	6491165	
Parallel	89	9.489059448242188e-05	False	0.05	0.0012644893	11.0	1	15625000000	3.1428571429	105771	
Parallel	90	0.0017964839935302734	False	0.05	-0.0868662854	307.0	1	15625000000	3.0547263682	2198936	
Parallel	91	0.0009827613830566406	False	0.05	-0.0785295905	170.0	1	15625000000	3.0630630631	8562368	
Parallel	92	0.00020599365234375	False	0.05	-0.0415926536	31.0	1	15625000000	3.1	5919067	
Parallel	93	0.0009527206420898438	False	0.05	-0.0736314885	158.0	1	15625000000	3.067961165	4221160	
Parallel	94	0.00016379356384277344	False	0.05	-0.0165926536	25.0	1	15625000000	3.125	3157539	
Parallel	95	0.000213623046875	False	0.05	-0.0506835627	34.0	1	15625000000	3.0909090909	7677591	
Parallel	96	0.0033943653106689453	False	0.05	-0.0881167178	571.0	1	15625000000	3.0534759358	3513131	
Parallel	97	0.0001766681671142578	False	0.05	-0.0304815425	28.0	1	15625000000	3.1111111111	2104708	
Parallel	98	0.0006878376007080078	False	0.05	-0.0766575887	118.0	1	15625000000	3.0649350649	9476336	
Parallel	99	0.0009207725524902344	False	0.05	-0.0736314885	158.0	1	15625000000	3.067961165	7477750	
Parallel	100	0.0005574226379394531	False	0.05	-0.0082593203	94.0	1	15625000000	3.1333333333	8542683	
Parallel	101	0.014261245727539062	False	0.005	0.0027782073	2374.0	2	15625000000	3.1443708609	4359619	
Parallel	102	0.00014448165893554688	False	0.005	0.0012644893	22.0	2	15625000000	3.1428571429	3688097	
Parallel	103	0.00620722770690918	False	0.005	-0.0062985359	1066.0	2	15625000000	3.1352941176	7992212	
Parallel	104	0.0020439624786376953	False	0.005	0.0012644893	341.0	2	15625000000	3.1428571429	5877218	
Parallel	105	0.0007448196411132812	False	0.005	-0.0023521473	124.0	2	15625000000	3.1392405063	5634032	
Parallel	106	0.0052471160888671875	False	0.005	-0.0047505483	894.0	2	15625000000	3.1368421053	5032990	
Parallel	107	0.00014328956604003906	False	0.005	0.0012644893	22.0	2	15625000000	3.1428571429	8074269	
Parallel	108	7.724761962890625e-05	False	0.005	0.0012644893	11.0	2	15625000000	3.1428571429	8622966	
Parallel	109	0.00017452239990234375	False	0.005	0.0012644893	22.0	2	15625000000	3.1428571429	3604821	
Parallel	110	8.153915405273438e-05	False	0.005	0.0012644893	11.0	2	15625000000	3.1428571429	1446809	
Parallel	111	8.130073547363281e-05	False	0.005	0.0012644893	11.0	2	15625000000	3.1428571429	378912	
Parallel	112	0.02104806900024414	False	0.005	0.0032836715	3560.0	2	15625000000	3.1448763251	6638490	
Parallel	113	0.00032830238342285156	False	0.005	0.0012644893	55.0	2	15625000000	3.1428571429	1422585	
Parallel	114	0.001928567886352539	False	0.005	0.0012644893	330.0	2	15625000000	3.1428571429	862032	
Parallel	115	0.0009832382202148438	False	0.005	-0.0043377516	160.0	2	15625000000	3.137254902	6103878	
Parallel	116	8.368492126464844e-05	False	0.005	0.0012644893	11.0	2	15625000000	3.1428571429	6594158	
Parallel	117	0.00040793418884277344	False	0.005	0.0012644893	66.0	2	15625000000	3.1428571429	8753757	
Parallel	118	0.0008158683776855469	False	0.005	-0.0020577699	135.0	2	15625000000	3.1395348837	6179073	
Parallel	119	0.0005795955657958984	False	0.005	0.0012644893	99.0	2	15625000000	3.1428571429	2820220	
Parallel	120	0.0003540515899658203	False	0.005	-0.0064575185	58.0	2	15625000000	3.1351351351	2732958	
Parallel	121	0.0009505748748779297	False	0.005	-0.0015926536	157.0	2	15625000000	3.14	3825240	
Parallel	122	0.0014057159423828125	False	0.005	0.0031441885	239.0	2	15625000000	3.1447368421	3935774	
Parallel	123	8.535385131835938e-05	False	0.005	0.0012644893	11.0	2	15625000000	3.1428571429	6575876	
Parallel	124	0.0012848377227783203	False	0.005	0.0033348826	217.0	2	15625000000	3.1449275362	8476272	
Parallel	125	0.0040585994720458984	False	0.005	0.0032349326	684.0	2	15625000000	3.1448275862	4805910	
Parallel	126	0.027321577072143555	False	0.005	-0.0064031199	4673.0	2	15625000000	3.1351895337	1875430	
Parallel	127	0.00020456314086914062	False	0.005	0.0012644893	33.0	2	15625000000	3.1428571429	7894948	
Parallel	128	0.0006124973297119141	False	0.005	-0.0031311151	102.0	2	15625000000	3.1384615385	9174895	
Parallel	129	0.00014209747314453125	False	0.005	0.0012644893	22.0	2	15625000000	3.1428571429	6048156	
Parallel	130	0.02722311019897461	False	0.005	0.0033348826	4557.0	2	15625000000	3.1449275362	5506702	
Parallel	131	0.0005168914794921875	False	0.005	0.0012644893	88.0	2	15625000000	3.1428571429	5518308	
Parallel	132	8.058547973632812e-05	False	0.005	0.0012644893	11.0	2	15625000000	3.1428571429	3645562	
Parallel	133	0.00026869773864746094	False	0.005	0.0012644893	44.0	2	15625000000	3.1428571429	7335701	
Parallel	134	0.000164031982421875	False	0.005	0.0012644893	22.0	2	15625000000	3.1428571429	6593805	
Parallel	135	0.013197183609008789	False	0.005	-0.0064575185	2262.0	2	15625000000	3.1351351351	882192	
Parallel	136	8.487701416015625e-05	False	0.005	0.0012644893	11.0	2	15625000000	3.1428571429	5302630	
Parallel	137	0.0002818107604980469	False	0.005	0.0012644893	44.0	2	15625000000	3.1428571429	3584034	
Parallel	138	0.00027441978454589844	False	0.005	0.0012644893	44.0	2	15625000000	3.1428571429	267640	
Parallel	139	0.00026535987854003906	False	0.005	0.0012644893	44.0	2	15625000000	3.1428571429	2464307	
Parallel	140	8.368492126464844e-05	False	0.005	0.0012644893	11.0	2	15625000000	3.1428571429	8442161	
Parallel	141	0.00020503997802734375	False	0.005	0.0012644893	33.0	2	15625000000	3.1428571429	1905336	
Parallel	142	0.00021958351135253906	False	0.005	0.0012644893	33.0	2	15625000000	3.1428571429	4394713	
Parallel	143	0.013236522674560547	False	0.005	0.0032836715	2225.0	2	15625000000	3.1448763251	1726073	
Parallel	144	0.0022897720336914062	False	0.005	-0.0032527326	397.0	2	15625000000	3.1383399209	6311623	
Parallel	145	0.008219718933105469	False	0.005	0.0031884912	1401.0	2	15625000000	3.1447811448	2241636	
Parallel	146	0.001653432846069336	False	0.005	-0.0052290172	276.0	2	15625000000	3.1363636364	9559937	
Parallel	147	0.0002048015594482422	False	0.005	0.0012644893	33.0	2	15625000000	3.1428571429	487924	
Parallel	148	0.00019931793212890625	False	0.005	0.0012644893	33.0	2	15625000000	3.1428571429	9756934	
Parallel	149	7.390975952148438e-05	False	0.005	0.0012644893	11.0	2	15625000000	3.1428571429	9218452	
Parallel	150	0.010349273681640625	False	0.005	0.0030502036	1761.0	2	15625000000	3.1446428571	7276921	
Parallel	151	7.939338684082031e-05	False	0.005	0.0012644893	11.0	2	15625000000	3.1428571429	5893291	
Parallel	152	0.00030231475830078125	False	0.005	0.0012644893	44.0	2	15625000000	3.1428571429	5597672	
Parallel	153	0.00034308433532714844	False	0.005	0.0012644893	55.0	2	15625000000	3.1428571429	9472184	
Parallel	154	0.0002079010009765625	False	0.005	0.0012644893	33.0	2	15625000000	3.1428571429	2655556	
Parallel	155	0.0003330707550048828	False	0.005	0.0012644893	55.0	2	15625000000	3.1428571429	6339836	
Parallel	156	0.0010864734649658203	False	0.005	-0.0059994333	185.0	2	15625000000	3.1355932203	3479439	
Parallel	157	7.82012939453125e-05	False	0.005	0.0012644893	11.0	2	15625000000	3.1428571429	9053787	
Parallel	158	0.16732287406921387	False	0.005	0.003360659	28292.0	2	15625000000	3.1449533126	292470	
Parallel	159	0.0002090930938720703	False	0.005	0.0012644893	33.0	2	15625000000	3.1428571429	2821991	
Parallel	160	0.00035452842712402344	False	0.005	-0.0064575185	58.0	2	15625000000	3.1351351351	5506737	
Parallel	161	0.00021004676818847656	False	0.005	0.0012644893	33.0	2	15625000000	3.1428571429	7834560	
Parallel	162	0.0006763935089111328	False	0.005	-0.0064575185	116.0	2	15625000000	3.1351351351	2696658	
Parallel	163	0.00014495849609375	False	0.005	0.0012644893	22.0	2	15625000000	3.1428571429	1120565	
Parallel	164	0.00039839744567871094	False	0.005	0.0012644893	66.0	2	15625000000	3.1428571429	3606347	
Parallel	165	0.0010652542114257812	False	0.005	0.0012644893	176.0	2	15625000000	3.1428571429	4416487	
Parallel	166	0.00014591217041015625	False	0.005	0.0012644893	22.0	2	15625000000	3.1428571429	8338377	
Parallel	167	7.939338684082031e-05	False	0.005	0.0012644893	11.0	2	15625000000	3.1428571429	9992318	
Parallel	168	0.0003268718719482422	False	0.005	0.0012644893	55.0	2	15625000000	3.1428571429	5060295	
Parallel	169	0.00014090538024902344	False	0.005	0.0012644893	22.0	2	15625000000	3.1428571429	5617206	
Parallel	170	0.0006093978881835938	False	0.005	-0.0031311151	102.0	2	15625000000	3.1384615385	3028572	
Parallel	171	0.00014448165893554688	False	0.005	0.0012644893	22.0	2	15625000000	3.1428571429	2011781	
Parallel	172	8.082389831542969e-05	False	0.005	0.0012644893	11.0	2	15625000000	3.1428571429	1820403	
Parallel	173	0.004618406295776367	False	0.005	0.0012644893	781.0	2	15625000000	3.1428571429	9848993	
Parallel	174	0.00162506103515625	False	0.005	0.0029160169	272.0	2	15625000000	3.1445086705	6019387	
Parallel	175	0.0002110004425048828	False	0.005	0.0012644893	33.0	2	15625000000	3.1428571429	5637669	
Parallel	176	0.00579380989074707	False	0.005	-0.0037162669	990.0	2	15625000000	3.1378763867	7153890	
Parallel	177	0.0002067089080810547	False	0.005	0.0012644893	33.0	2	15625000000	3.1428571429	6140190	
Parallel	178	0.012170791625976562	False	0.005	0.0032349326	2052.0	2	15625000000	3.1448275862	6783990	
Parallel	179	0.0007898807525634766	False	0.005	-0.0057901845	127.0	2	15625000000	3.1358024691	1505713	
Parallel	180	0.00038933753967285156	False	0.005	0.0012644893	66.0	2	15625000000	3.1428571429	288287	
Parallel	181	0.0005795955657958984	False	0.005	0.0012644893	99.0	2	15625000000	3.1428571429	3546726	
Parallel	182	0.00014591217041015625	False	0.005	0.0012644893	22.0	2	15625000000	3.1428571429	6604842	
Parallel	183	0.00014019012451171875	False	0.005	0.0012644893	22.0	2	15625000000	3.1428571429	3477744	
Parallel	184	0.0004725456237792969	False	0.005	-0.0043377516	80.0	2	15625000000	3.137254902	4342578	
Parallel	185	0.00015115737915039062	False	0.005	0.0012644893	22.0	2	15625000000	3.1428571429	2636250	
Parallel	186	0.0008480548858642578	False	0.005	0.0012644893	143.0	2	15625000000	3.1428571429	2207138	
Parallel	187	8.20159912109375e-05	False	0.005	0.0012644893	11.0	2	15625000000	3.1428571429	2382054	
Parallel	188	0.0003147125244140625	False	0.005	0.0012644893	44.0	2	15625000000	3.1428571429	3143828	
Parallel	189	8.630752563476562e-05	False	0.005	0.0012644893	11.0	2	15625000000	3.1428571429	331690	
Parallel	190	0.0005154609680175781	False	0.005	0.0012644893	88.0	2	15625000000	3.1428571429	9842985	
Parallel	191	0.0002033710479736328	False	0.005	0.0012644893	33.0	2	15625000000	3.1428571429	7338603	
Parallel	192	8.440017700195312e-05	False	0.005	0.0012644893	11.0	2	15625000000	3.1428571429	5443392	
Parallel	193	8.368492126464844e-05	False	0.005	0.0012644893	11.0	2	15625000000	3.1428571429	135386	
Parallel	194	0.0010309219360351562	False	0.005	0.0012644893	176.0	2	15625000000	3.1428571429	9938881	
Parallel	195	7.677078247070312e-05	False	0.005	0.0012644893	11.0	2	15625000000	3.1428571429	5568950	
Parallel	196	0.0008931159973144531	False	0.005	-0.0047505483	149.0	2	15625000000	3.1368421053	4878941	
Parallel	197	0.0013191699981689453	False	0.005	-0.0007475832	223.0	2	15625000000	3.1408450704	5284031	
Parallel	198	0.00041484832763671875	False	0.005	0.0012644893	66.0	2	15625000000	3.1428571429	1508810	
Parallel	199	0.005353689193725586	False	0.005	-0.0047505483	894.0	2	15625000000	3.1368421053	5741109	
Parallel	200	0.00011873245239257812	False	0.005	0.0012644893	11.0	2	15625000000	3.1428571429	7089096	
Parallel	201	0.012542247772216797	False	0.0005	0.0006328438	2132.0	3	15625000000	3.1422254974	7551529	
Parallel	202	0.0034461021423339844	False	0.0005	0.0004984992	586.0	3	15625000000	3.1420911528	1865597	
Parallel	203	0.16670680046081543	False	0.0005	0.0008470834	27963.0	3	15625000000	3.142439737	2672715	
Parallel	204	0.0019276142120361328	False	0.0005	-8.32196e-05	333.0	3	15625000000	3.141509434	7322303	
Parallel	205	0.001943349838256836	False	0.0005	-8.32196e-05	333.0	3	15625000000	3.141509434	9347671	
Parallel	206	0.002377748489379883	False	0.0005	0.0001697985	410.0	3	15625000000	3.1417624521	8623061	
Parallel	207	0.0024843215942382812	False	0.0005	0.0001983912	421.0	3	15625000000	3.1417910448	3788706	
Parallel	208	0.014606714248657227	False	0.0005	0.000905777	2503.0	3	15625000000	3.1424984306	2233993	
Parallel	209	0.023346424102783203	False	0.0005	0.0005874412	3978.0	3	15625000000	3.1421800948	4494584	
Parallel	210	0.0019674301147460938	False	0.0005	-8.32196e-05	333.0	3	15625000000	3.141509434	4022536	
Parallel	211	0.004491329193115234	False	0.0005	9.11246e-05	765.0	3	15625000000	3.1416837782	3616688	
Parallel	212	0.0019457340240478516	False	0.0005	-8.32196e-05	333.0	3	15625000000	3.141509434	8163581	
Parallel	213	0.00422358512878418	False	0.0005	0.0006487257	729.0	3	15625000000	3.1422413793	8109512	
Parallel	214	0.01544952392578125	False	0.0005	0.0004049397	2611.0	3	15625000000	3.1419975933	5032170	
Parallel	215	0.0023894309997558594	False	0.0005	0.0001697985	410.0	3	15625000000	3.1417624521	8698417	
Parallel	216	0.002537965774536133	False	0.0005	0.0002255282	432.0	3	15625000000	3.1418181818	9536880	
Parallel	217	0.010498046875	False	0.0005	0.0005126096	1791.0	3	15625000000	3.1421052632	4212147	
Parallel	218	0.0021505355834960938	False	0.0005	3.82477e-05	366.0	3	15625000000	3.1416309013	4727384	
Parallel	219	0.018922090530395508	False	0.0005	2.668e-07	3195.0	3	15625000000	3.1415929204	2954	
Parallel	220	0.009663105010986328	False	0.0005	0.0007113154	1623.0	3	15625000000	3.142303969	4326845	
Parallel	221	0.01191258430480957	False	0.0005	0.0005984886	2022.0	3	15625000000	3.1421911422	9886636	
Parallel	222	0.004632711410522461	False	0.0005	0.0006837692	773.0	3	15625000000	3.1422764228	4915147	
Parallel	223	0.010240793228149414	False	0.0005	0.0004838491	1725.0	3	15625000000	3.1420765027	1119537	
Parallel	224	0.008795022964477539	False	0.0005	0.0003697681	1505.0	3	15625000000	3.1419624217	3847572	
Parallel	225	0.14219260215759277	False	0.0005	-5.92115e-05	24072.0	3	15625000000	3.1415334421	5912834	
Parallel	226	0.11165213584899902	False	0.0005	-6.05625e-05	18967.0	3	15625000000	3.1415320911	5944786	
Parallel	227	0.0020220279693603516	False	0.0005	-4.01422e-05	344.0	3	15625000000	3.1415525114	2033098	
Parallel	228	0.002288341522216797	False	0.0005	0.0001077513	388.0	3	15625000000	3.1417004049	2614503	
Parallel	229	0.0019505023956298828	False	0.0005	-8.32196e-05	333.0	3	15625000000	3.141509434	466530	
Parallel	230	0.002458333969116211	False	0.0005	0.0001983912	421.0	3	15625000000	3.1417910448	2593601	
Parallel	231	0.001992464065551758	False	0.0005	-8.32196e-05	333.0	3	15625000000	3.141509434	8319767	
Parallel	232	0.0020771026611328125	False	0.0005	2.668e-07	355.0	3	15625000000	3.1415929204	5338709	
Parallel	233	0.17058229446411133	False	0.0005	0.0008578008	28700.0	3	15625000000	3.1424504544	9389216	
Parallel	234	0.00484156608581543	False	0.0005	0.0007150387	817.0	3	15625000000	3.1423076923	5127452	
Parallel	235	0.05855965614318848	False	0.0005	0.0008078578	9831.0	3	15625000000	3.1424005114	2814402	
Parallel	236	0.03551006317138672	False	0.0005	0.0008148995	5991.0	3	15625000000	3.1424075531	6515257	
Parallel	237	0.006478548049926758	False	0.0005	0.0008533896	1092.0	3	15625000000	3.1424460432	9661656	
Parallel	238	0.005895137786865234	False	0.0005	0.0008073464	982.0	3	15625000000	3.1424	7034770	
Parallel	239	0.002171039581298828	False	0.0005	3.82477e-05	366.0	3	15625000000	3.1416309013	1541498	
Parallel	240	0.07865118980407715	False	0.0005	0.0008540785	13126.0	3	15625000000	3.1424467321	6880993	
Parallel	241	0.007714748382568359	False	0.0005	0.0005874412	1326.0	3	15625000000	3.1421800948	936631	
Parallel	242	0.004006147384643555	False	0.0005	0.0005984886	674.0	3	15625000000	3.1421911422	1025019	
Parallel	243	0.00535893440246582	False	0.0005	0.0007684575	905.0	3	15625000000	3.1423611111	9524176	
Parallel	244	0.41335058212280273	False	0.0005	-7.73123e-05	70238.0	3	15625000000	3.1415153413	7032049	
Parallel	245	0.006551265716552734	False	0.0005	6.23254e-05	1120.0	3	15625000000	3.141654979	8712283	
Parallel	246	0.0026521682739257812	False	0.0005	0.000251318	443.0	3	15625000000	3.1418439716	4540403	
Parallel	247	0.0036742687225341797	False	0.0005	0.0005393261	619.0	3	15625000000	3.1421319797	7376272	
Parallel	248	0.8833408355712891	False	0.0005	-8.90404e-05	150200.0	3	15625000000	3.1415036131	4981929	
Parallel	249	0.0024459362030029297	False	0.0005	0.0001697985	410.0	3	15625000000	3.1417624521	8497023	
Parallel	250	0.28250694274902344	False	0.0005	0.0008764577	47434.0	3	15625000000	3.1424691113	6063582	
Parallel	251	0.08686614036560059	False	0.0005	0.0008645446	14592.0	3	15625000000	3.1424571982	2991562	
Parallel	252	0.0019884109497070312	False	0.0005	-4.01422e-05	344.0	3	15625000000	3.1415525114	6135625	
Parallel	253	0.014075517654418945	False	0.0005	0.0003082835	2347.0	3	15625000000	3.1419009371	9665915	
Parallel	254	1.6020522117614746	False	0.0005	0.0009048877	268407.0	3	15625000000	3.1424975413	4350143	
Parallel	255	0.005792856216430664	False	0.0005	0.0003531199	985.0	3	15625000000	3.1419457735	4781662	
Parallel	256	0.007073163986206055	False	0.0005	0.0008910065	1202.0	3	15625000000	3.1424836601	3937677	
Parallel	257	0.00788736343383789	False	0.0005	0.000251318	1329.0	3	15625000000	3.1418439716	3329280	
Parallel	258	0.006943464279174805	False	0.0005	9.67197e-05	1153.0	3	15625000000	3.1416893733	1073368	
Parallel	259	1.2920186519622803	False	0.0005	0.0009003032	216953.0	3	15625000000	3.1424929568	371576	
Parallel	260	0.0021958351135253906	False	0.0005	7.40131e-05	377.0	3	15625000000	3.1416666667	1240474	
Parallel	261	0.0019292831420898438	False	0.0005	-8.32196e-05	333.0	3	15625000000	3.141509434	6427593	
Parallel	262	0.005968570709228516	False	0.0005	0.0008173621	1004.0	3	15625000000	3.1424100156	7507716	
Parallel	263	0.026808500289916992	False	0.0005	0.0002782473	4551.0	3	15625000000	3.1418709009	1330168	
Parallel	264	0.002118825912475586	False	0.0005	2.668e-07	355.0	3	15625000000	3.1415929204	7621811	
Parallel	265	0.018140554428100586	False	0.0005	-4.47921e-05	3085.0	3	15625000000	3.1415478615	680133	
Parallel	266	0.013345956802368164	False	0.0005	0.0004724885	2267.0	3	15625000000	3.1420651421	7534409	
Parallel	267	0.010101556777954102	False	0.0005	-4.01422e-05	1720.0	3	15625000000	3.1415525114	6910678	
Parallel	268	0.002020120620727539	False	0.0005	-4.01422e-05	344.0	3	15625000000	3.1415525114	2720956	
Parallel	269	0.0023653507232666016	False	0.0005	0.0001396299	399.0	3	15625000000	3.1417322835	6919540	
Parallel	270	0.05195975303649902	False	0.0005	8.89206e-05	8781.0	3	15625000000	3.1416815742	9393919	
Parallel	271	0.009988784790039062	False	0.0005	0.0007329278	1689.0	3	15625000000	3.1423255814	5740684	
Parallel	272	0.0022346973419189453	False	0.0005	3.82477e-05	366.0	3	15625000000	3.1416309013	903462	
Parallel	273	0.002069234848022461	False	0.0005	2.668e-07	355.0	3	15625000000	3.1415929204	6065519	
Parallel	274	0.004508495330810547	False	0.0005	0.0006667606	751.0	3	15625000000	3.1422594142	2434658	
Parallel	275	0.002498149871826172	False	0.0005	0.0001983912	421.0	3	15625000000	3.1417910448	4670500	
Parallel	276	0.003805875778198242	False	0.0005	0.0005642092	641.0	3	15625000000	3.1421568627	9769597	
Parallel	277	2.7252063751220703	False	0.0005	-9.11902e-05	464782.0	3	15625000000	3.1415014633	7445135	
Parallel	278	0.021067142486572266	False	0.0005	0.0007592474	3554.0	3	15625000000	3.142351901	3503789	
Parallel	279	0.007307529449462891	False	0.0005	0.0009073464	1257.0	3	15625000000	3.1425	8231050	
Parallel	280	0.0020318031311035156	False	0.0005	-4.01422e-05	344.0	3	15625000000	3.1415525114	5612244	
Parallel	281	0.002210855484008789	False	0.0005	7.40131e-05	377.0	3	15625000000	3.1416666667	2629437	
Parallel	282	0.003432035446166992	False	0.0005	0.0004984992	586.0	3	15625000000	3.1420911528	3800727	
Parallel	283	0.03813648223876953	False	0.0005	1.95468e-05	6489.0	3	15625000000	3.1416122004	6289923	
Parallel	284	6.040803670883179	False	0.0005	-9.13463e-05	1039350.0	3	15625000000	3.1415013073	1922104	
Parallel	285	0.9718544483184814	False	0.0005	-9.11081e-05	167186.0	3	15625000000	3.1415015455	9912319	
Parallel	286	0.004938602447509766	False	0.0005	0.0001983912	842.0	3	15625000000	3.1417910448	6020539	
Parallel	287	0.1644430160522461	False	0.0005	0.0008454352	27853.0	3	15625000000	3.1424380888	9194319	
Parallel	288	0.0021271705627441406	False	0.0005	2.668e-07	355.0	3	15625000000	3.1415929204	914354	
Parallel	289	0.03308224678039551	False	0.0005	7.86248e-05	5677.0	3	15625000000	3.1416712784	2385022	
Parallel	290	0.002107858657836914	False	0.0005	2.668e-07	355.0	3	15625000000	3.1415929204	1921274	
Parallel	291	0.0076634883880615234	False	0.0005	0.0005760211	1304.0	3	15625000000	3.1421686747	7306078	
Parallel	292	0.057213783264160156	False	0.0005	2.86216e-05	9805.0	3	15625000000	3.1416212752	6705443	
Parallel	293	0.010779857635498047	False	0.0005	0.0007773379	1843.0	3	15625000000	3.1423699915	3123147	
Parallel	294	0.011178970336914062	False	0.0005	0.0003269526	1915.0	3	15625000000	3.1419196062	9591939	
Parallel	295	0.8905611038208008	False	0.0005	-7.77649e-05	152131.0	3	15625000000	3.1415148887	5428965	
Parallel	296	0.0046215057373046875	False	0.0005	0.0006919155	784.0	3	15625000000	3.1422845691	3484771	
Parallel	297	0.0019865036010742188	False	0.0005	-8.32196e-05	333.0	3	15625000000	3.141509434	6149474	
Parallel	298	0.06483316421508789	False	0.0005	0.0007719492	10937.0	3	15625000000	3.1423646028	5551040	
Parallel	299	0.004737138748168945	False	0.0005	0.0001549192	809.0	3	15625000000	3.1417475728	1785861	
Parallel	300	0.002637624740600586	False	0.0005	0.000251318	443.0	3	15625000000	3.1418439716	3051771	
Parallel	301	0.004175901412963867	False	5e-05	-1.96199e-05	699.0	4	15625000000	3.1415730337	2788782	
Parallel	302	0.002150297164916992	False	5e-05	2.668e-07	355.0	4	15625000000	3.1415929204	5638140	
Parallel	303	0.027408361434936523	False	5e-05	-5.7863e-06	4593.0	4	15625000000	3.1415868673	7659433	
Parallel	304	0.5923001766204834	False	5e-05	-3.02952e-05	100519.0	4	15625000000	3.1415623584	81262	
Parallel	305	0.04556775093078613	False	5e-05	2.58435e-05	7609.0	4	15625000000	3.1416184971	5198859	
Parallel	306	0.0082550048828125	False	5e-05	-1.96199e-05	1398.0	4	15625000000	3.1415730337	1646512	
Parallel	307	0.006176471710205078	False	5e-05	-2.63885e-05	1043.0	4	15625000000	3.1415662651	2208465	
Parallel	308	0.010184526443481445	False	5e-05	-4.01422e-05	1720.0	4	15625000000	3.1415525114	3086439	
Parallel	309	0.39493894577026367	False	5e-05	-3.28745e-05	67110.0	4	15625000000	3.141559779	1484113	
Parallel	310	0.004096508026123047	False	5e-05	-4.01422e-05	688.0	4	15625000000	3.1415525114	8532874	
Parallel	311	0.0021567344665527344	False	5e-05	3.82477e-05	366.0	4	15625000000	3.1416309013	6402884	
Parallel	312	0.02114725112915039	False	5e-05	-3.6611e-06	3539.0	4	15625000000	3.1415889925	6501744	
Parallel	313	0.010172605514526367	False	5e-05	-1.55927e-05	1753.0	4	15625000000	3.1415770609	1910834	
Parallel	314	0.24844050407409668	False	5e-05	3.37067e-05	41570.0	4	15625000000	3.1416263603	7676161	
Parallel	315	0.2730274200439453	False	5e-05	3.11334e-05	45486.0	4	15625000000	3.141623787	4770242	
Parallel	316	0.004091024398803711	False	5e-05	-4.01422e-05	688.0	4	15625000000	3.1415525114	4907890	
Parallel	317	0.014362573623657227	False	5e-05	-2.83356e-05	2430.0	4	15625000000	3.141564318	3895222	
Parallel	318	0.04362034797668457	False	5e-05	-4.21309e-05	7213.0	4	15625000000	3.1415505226	9296769	
Parallel	319	0.0043659210205078125	False	5e-05	1.95468e-05	721.0	4	15625000000	3.1416122004	3953362	
Parallel	320	0.004072427749633789	False	5e-05	-4.01422e-05	688.0	4	15625000000	3.1415525114	3565716	
Parallel	321	0.012509822845458984	False	5e-05	-6.2933e-06	2119.0	4	15625000000	3.1415863603	8794357	
Parallel	322	0.008275270462036133	False	5e-05	-9.599e-06	1409.0	4	15625000000	3.1415830546	7576050	
Parallel	323	0.0019965171813964844	False	5e-05	-4.01422e-05	344.0	4	15625000000	3.1415525114	4927528	
Parallel	324	0.036695241928100586	False	5e-05	-4.01422e-05	6192.0	4	15625000000	3.1415525114	9734366	
Parallel	325	0.004134178161621094	False	5e-05	-4.01422e-05	688.0	4	15625000000	3.1415525114	3266858	
Parallel	326	0.012968778610229492	False	5e-05	1.31858e-05	2152.0	4	15625000000	3.1416058394	8922725	
Parallel	327	0.008411645889282227	False	5e-05	2.668e-07	1420.0	4	15625000000	3.1415929204	244630	
Parallel	328	0.05102992057800293	False	5e-05	2.1127e-05	8663.0	4	15625000000	3.1416137806	4268411	
Parallel	329	0.020214080810546875	False	5e-05	3.82477e-05	3294.0	4	15625000000	3.1416309013	2238505	
Parallel	330	1008.6022431850433	False	5e-05	-4.26396e-05	172196207.0	4	15625000000	3.141550014	3808140	
Parallel	331	0.016829490661621094	False	5e-05	-9.599e-06	2818.0	4	15625000000	3.1415830546	3549143	
Parallel	332	0.008552312850952148	False	5e-05	3.82477e-05	1464.0	4	15625000000	3.1416309013	3479834	
Parallel	333	0.02263808250427246	False	5e-05	-1.41345e-05	3861.0	4	15625000000	3.1415785191	7832545	
Parallel	334	0.18556618690490723	False	5e-05	-2.65381e-05	31634.0	4	15625000000	3.1415661155	6901383	
Parallel	335	0.10197019577026367	False	5e-05	-7.7754e-06	17285.0	4	15625000000	3.1415848782	5636023	
Parallel	336	0.026343107223510742	False	5e-05	-3.37581e-05	4494.0	4	15625000000	3.1415588955	8856505	
Parallel	337	0.0020859241485595703	False	5e-05	-4.01422e-05	344.0	4	15625000000	3.1415525114	3157893	
Parallel	338	0.9993574619293213	False	5e-05	-2.83356e-05	170100.0	4	15625000000	3.141564318	3440933	
Parallel	339	0.9690179824829102	False	5e-05	-4.23132e-05	165189.0	4	15625000000	3.1415503404	7707878	
Parallel	340	0.014214754104614258	False	5e-05	-4.01422e-05	2408.0	4	15625000000	3.1415525114	7731588	
Parallel	341	0.0062770843505859375	False	5e-05	1.31858e-05	1076.0	4	15625000000	3.1416058394	5719547	
Parallel	342	0.008189916610717773	False	5e-05	-2.97997e-05	1387.0	4	15625000000	3.1415628539	6403314	
Parallel	343	0.0021545886993408203	False	5e-05	3.82477e-05	366.0	4	15625000000	3.1416309013	6010105	
Parallel	344	0.13051366806030273	False	5e-05	4.6178e-05	22103.0	4	15625000000	3.1416388316	3022507	
Parallel	345	0.008201122283935547	False	5e-05	-9.599e-06	1409.0	4	15625000000	3.1415830546	6516517	
Parallel	346	0.24039959907531738	False	5e-05	1.60084e-05	40621.0	4	15625000000	3.141608662	5275879	
Parallel	347	0.11233806610107422	False	5e-05	9.799e-06	18958.0	4	15625000000	3.1416024526	1974739	
Parallel	348	0.15673160552978516	False	5e-05	-5.9464e-06	26848.0	4	15625000000	3.1415867072	7700225	
Parallel	349	0.1517336368560791	False	5e-05	5.45785e-05	25595.0	4	15625000000	3.1416472321	412313	
Parallel	350	0.008595466613769531	False	5e-05	2.8968e-05	1453.0	4	15625000000	3.1416216216	9423470	
Parallel	351	0.628169059753418	False	5e-05	-3.44019e-05	107457.0	4	15625000000	3.1415582517	890274	
Parallel	352	0.0020499229431152344	False	5e-05	-4.01422e-05	344.0	4	15625000000	3.1415525114	8743037	
Parallel	353	0.006460905075073242	False	5e-05	3.82477e-05	1098.0	4	15625000000	3.1416309013	956196	
Parallel	354	0.030379056930541992	False	5e-05	5.12651e-05	5179.0	4	15625000000	3.1416439187	1932798	
Parallel	355	0.03701138496398926	False	5e-05	-1.29218e-05	6324.0	4	15625000000	3.1415797317	8244556	
Parallel	356	0.03494071960449219	False	5e-05	4.96531e-05	5911.0	4	15625000000	3.1416423067	2095858	
Parallel	357	0.016707658767700195	False	5e-05	-4.6469e-06	2829.0	4	15625000000	3.1415880067	2587108	
Parallel	358	0.3866133689880371	False	5e-05	4.05201e-05	65269.0	4	15625000000	3.1416331737	6427547	
Parallel	359	0.0020689964294433594	False	5e-05	2.668e-07	355.0	4	15625000000	3.1415929204	8486748	
Parallel	360	0.012665033340454102	False	5e-05	1.95468e-05	2163.0	4	15625000000	3.1416122004	5459585	
Parallel	361	0.004025459289550781	False	5e-05	-4.01422e-05	688.0	4	15625000000	3.1415525114	3639186	
Parallel	362	0.034432411193847656	False	5e-05	3.13011e-05	5823.0	4	15625000000	3.1416239547	4968783	
Parallel	363	0.031392812728881836	False	5e-05	-1.55927e-05	5259.0	4	15625000000	3.1415770609	2280588	
Parallel	364	0.010803699493408203	False	5e-05	3.82477e-05	1830.0	4	15625000000	3.1416309013	9221538	
Parallel	365	1.1352195739746094	False	5e-05	5.67098e-05	189886.0	4	15625000000	3.1416493634	5350265	
Parallel	366	0.024835586547851562	False	5e-05	-1.62621e-05	4205.0	4	15625000000	3.1415763915	9947110	
Parallel	367	0.04032444953918457	False	5e-05	1.85468e-05	6844.0	4	15625000000	3.1416112004	7205706	
Parallel	368	0.027740001678466797	False	5e-05	2.39129e-05	4703.0	4	15625000000	3.1416165665	3656069	
Parallel	369	0.060549259185791016	False	5e-05	-1.33815e-05	10185.0	4	15625000000	3.1415792721	8936386	
Parallel	370	0.571406364440918	False	5e-05	4.53771e-05	96453.0	4	15625000000	3.1416380307	5515090	
Parallel	371	0.6891372203826904	False	5e-05	4.77633e-05	116192.0	4	15625000000	3.1416404169	6703871	
Parallel	372	0.02195262908935547	False	5e-05	5.28087e-05	3704.0	4	15625000000	3.1416454623	1669951	
Parallel	373	0.15679216384887695	False	5e-05	-1.41345e-05	27027.0	4	15625000000	3.1415785191	9145258	
Parallel	374	0.008053302764892578	False	5e-05	-4.01422e-05	1376.0	4	15625000000	3.1415525114	113488	
Parallel	375	0.006171703338623047	False	5e-05	-2.63885e-05	1043.0	4	15625000000	3.1415662651	2150465	
Parallel	376	0.0246124267578125	False	5e-05	-2.97997e-05	4161.0	4	15625000000	3.1415628539	3612263	
Parallel	377	0.0021250247955322266	False	5e-05	3.82477e-05	366.0	4	15625000000	3.1416309013	6120046	
Parallel	378	0.002062559127807617	False	5e-05	2.668e-07	355.0	4	15625000000	3.1415929204	5506489	
Parallel	379	0.0020723342895507812	False	5e-05	2.668e-07	355.0	4	15625000000	3.1415929204	5013757	
Parallel	380	0.002074003219604492	False	5e-05	2.668e-07	355.0	4	15625000000	3.1415929204	5796024	
Parallel	381	0.004103660583496094	False	5e-05	-1.96199e-05	699.0	4	15625000000	3.1415730337	699994	
Parallel	382	0.0019600391387939453	False	5e-05	-4.01422e-05	344.0	4	15625000000	3.1415525114	928727	
Parallel	383	0.01654052734375	False	5e-05	-1.96199e-05	2796.0	4	15625000000	3.1415730337	5392968	
Parallel	384	0.0060176849365234375	False	5e-05	-4.01422e-05	1032.0	4	15625000000	3.1415525114	3311894	
Parallel	385	0.030189037322998047	False	5e-05	-3.7368e-05	5171.0	4	15625000000	3.1415552855	6699327	
Parallel	386	0.0020198822021484375	False	5e-05	-4.01422e-05	344.0	4	15625000000	3.1415525114	9838782	
Parallel	387	0.0420536994934082	False	5e-05	1.5738e-05	7188.0	4	15625000000	3.1416083916	7537281	
Parallel	388	0.08991003036499023	False	5e-05	-2.60793e-05	15301.0	4	15625000000	3.1415665743	6932405	
Parallel	389	0.01395416259765625	False	5e-05	-4.01422e-05	2408.0	4	15625000000	3.1415525114	6558738	
Parallel	390	0.19771337509155273	False	5e-05	4.82857e-05	33581.0	4	15625000000	3.1416409393	99053	
Parallel	391	0.018475770950317383	False	5e-05	-1.29218e-05	3162.0	4	15625000000	3.1415797317	2197308	
Parallel	392	3.6701860427856445	False	5e-05	5.69372e-05	624772.0	4	15625000000	3.1416495908	8826228	
Parallel	393	0.1734755039215088	False	5e-05	-4.25432e-05	29873.0	4	15625000000	3.1415501104	8438493	
Parallel	394	0.05593729019165039	False	5e-05	-1.1852e-06	9574.0	4	15625000000	3.1415914684	5074539	
Parallel	395	0.0524599552154541	False	5e-05	5.04059e-05	8872.0	4	15625000000	3.1416430595	9416037	
Parallel	396	0.008418083190917969	False	5e-05	1.95468e-05	1442.0	4	15625000000	3.1416122004	3708382	
Parallel	397	0.006383419036865234	False	5e-05	3.82477e-05	1098.0	4	15625000000	3.1416309013	3070664	
Parallel	398	0.04646611213684082	False	5e-05	2.12705e-05	7942.0	4	15625000000	3.1416139241	3374139	
Parallel	399	0.07565426826477051	False	5e-05	3.50818e-05	12777.0	4	15625000000	3.1416277354	4799024	
Parallel	400	0.031025409698486328	False	5e-05	-7.6135e-06	5292.0	4	15625000000	3.1415850401	7293256	
Parallel	401	2.022495746612549	False	5e-06	1.0028e-06	339933.0	5	15625000000	3.1415936564	7831088	
Parallel	402	0.010481595993041992	False	5e-06	-7.6135e-06	1764.0	5	15625000000	3.1415850401	6026819	
Parallel	403	0.8358583450317383	False	5e-06	-5.188e-07	141557.0	5	15625000000	3.1415921348	9876638	
Parallel	404	0.06667590141296387	False	5e-06	-9.581e-07	11349.0	5	15625000000	3.1415916955	467930	
Parallel	405	0.12269210815429688	False	5e-06	2.2547e-06	20978.0	5	15625000000	3.1415949083	8978404	
Parallel	406	0.061798095703125	False	5e-06	-7.6135e-06	10584.0	5	15625000000	3.1415850401	8293667	
Parallel	407	0.004111289978027344	False	5e-06	2.668e-07	710.0	5	15625000000	3.1415929204	6288868	
Parallel	408	1.8601741790771484	False	5e-06	-8.847e-07	313889.0	5	15625000000	3.1415917689	9752021	
Parallel	409	0.020814895629882812	False	5e-06	-7.6135e-06	3528.0	5	15625000000	3.1415850401	7947709	
Parallel	410	0.05872011184692383	False	5e-06	-5.352e-06	9896.0	5	15625000000	3.1415873016	1877607	
Parallel	411	0.04815864562988281	False	5e-06	-4.8614e-06	8132.0	5	15625000000	3.1415877922	5505179	
Parallel	412	0.025189638137817383	False	5e-06	-6.2933e-06	4238.0	5	15625000000	3.1415863603	5662920	
Parallel	413	0.11997008323669434	False	5e-06	-1.7975e-06	20202.0	5	15625000000	3.1415908561	6694818	
Parallel	414	0.06424546241760254	False	5e-06	-7.3578e-06	10939.0	5	15625000000	3.1415852958	4565454	
Parallel	415	0.07994532585144043	False	5e-06	-7.645e-07	13479.0	5	15625000000	3.1415918891	3249362	
Parallel	416	0.004250764846801758	False	5e-06	2.668e-07	710.0	5	15625000000	3.1415929204	6687125	
Parallel	417	0.5415060520172119	False	5e-06	-2.0228e-06	91070.0	5	15625000000	3.1415906308	5871993	
Parallel	418	20.550731897354126	False	5e-06	-6.8553e-06	3464445.0	5	15625000000	3.1415857983	3656751	
Parallel	419	0.00420689582824707	False	5e-06	2.668e-07	710.0	5	15625000000	3.1415929204	1151913	
Parallel	420	0.06165456771850586	False	5e-06	1.6156e-06	10306.0	5	15625000000	3.1415942692	3850335	
Parallel	421	0.019266843795776367	False	5e-06	2.668e-07	3195.0	5	15625000000	3.1415929204	2836452	
Parallel	422	0.3398318290710449	False	5e-06	2.668e-07	57865.0	5	15625000000	3.1415929204	4441199	
Parallel	423	30.39731502532959	False	5e-06	2.2609e-06	5137502.0	5	15625000000	3.1415949145	7256912	
Parallel	424	0.018755435943603516	False	5e-06	-4.0991e-06	3184.0	5	15625000000	3.1415885545	5908872	
Parallel	425	0.23787951469421387	False	5e-06	-3.9053e-06	39983.0	5	15625000000	3.1415887483	8574253	
Parallel	426	0.014534473419189453	False	5e-06	2.668e-07	2485.0	5	15625000000	3.1415929204	5899055	
Parallel	427	0.031116247177124023	False	5e-06	-4.9759e-06	5303.0	5	15625000000	3.1415876777	4151659	
Parallel	428	0.010329008102416992	False	5e-06	-7.6135e-06	1764.0	5	15625000000	3.1415850401	6303243	
Parallel	429	0.09526419639587402	False	5e-06	-6.5801e-06	16242.0	5	15625000000	3.1415860735	1889761	
Parallel	430	0.047823190689086914	False	5e-06	-3.1474e-06	8143.0	5	15625000000	3.1415895062	6137458	
Parallel	431	0.5260226726531982	False	5e-06	-8.306e-07	88673.0	5	15625000000	3.141591823	7491862	
Parallel	432	0.5815269947052002	False	5e-06	-6.2459e-06	98184.0	5	15625000000	3.1415864077	2876693	
Parallel	433	0.5516417026519775	False	5e-06	-4.6657e-06	93002.0	5	15625000000	3.1415879879	5098901	
Parallel	434	0.04803776741027832	False	5e-06	2.668e-07	8165.0	5	15625000000	3.1415929204	3581211	
Parallel	435	0.0021071434020996094	False	5e-06	2.668e-07	355.0	5	15625000000	3.1415929204	1689280	
Parallel	436	0.14213299751281738	False	5e-06	-2.619e-06	24085.0	5	15625000000	3.1415900346	4176424	
Parallel	437	0.05458974838256836	False	5e-06	-7.3086e-06	9175.0	5	15625000000	3.141585345	8937091	
Parallel	438	0.016977548599243164	False	5e-06	2.668e-07	2840.0	5	15625000000	3.1415929204	9952662	
Parallel	439	0.002108335494995117	False	5e-06	2.668e-07	355.0	5	15625000000	3.1415929204	5297746	
Parallel	440	0.05791044235229492	False	5e-06	2.668e-07	9940.0	5	15625000000	3.1415929204	994798	
Parallel	441	0.0020818710327148438	False	5e-06	2.668e-07	355.0	5	15625000000	3.1415929204	8852989	
Parallel	442	0.10347628593444824	False	5e-06	-6.8211e-06	17651.0	5	15625000000	3.1415858325	8307536	
Parallel	443	0.07936644554138184	False	5e-06	2.3243e-06	13512.0	5	15625000000	3.1415949779	1959394	
Parallel	444	0.1074528694152832	False	5e-06	-3.5839e-06	18050.0	5	15625000000	3.1415890697	3298874	
Parallel	445	0.056568145751953125	False	5e-06	-5.5611e-06	9541.0	5	15625000000	3.1415870925	6282768	
Parallel	446	0.017185449600219727	False	5e-06	-4.6469e-06	2829.0	5	15625000000	3.1415880067	5090635	
Parallel	447	0.41071391105651855	False	5e-06	1.0736e-06	68914.0	5	15625000000	3.1415937272	3276237	
Parallel	448	0.010511636734008789	False	5e-06	-7.6135e-06	1764.0	5	15625000000	3.1415850401	7407555	
Parallel	449	0.10262250900268555	False	5e-06	-6.1588e-06	17307.0	5	15625000000	3.1415864948	7570703	
Parallel	450	0.014613151550292969	False	5e-06	-5.352e-06	2474.0	5	15625000000	3.1415873016	6835878	
Parallel	451	18.598565578460693	False	5e-06	-7.434e-06	3178824.0	5	15625000000	3.1415852196	4520536	
Parallel	452	0.006314277648925781	False	5e-06	2.668e-07	1065.0	5	15625000000	3.1415929204	969743	
Parallel	453	0.10246062278747559	False	5e-06	-4.5463e-06	17329.0	5	15625000000	3.1415881073	3603790	
Parallel	454	0.19612455368041992	False	5e-06	-6.3627e-06	33549.0	5	15625000000	3.1415862909	877516	
Parallel	455	64.54589986801147	False	5e-06	-7.5655e-06	11074810.0	5	15625000000	3.1415850881	2074467	
Parallel	456	1167.2804346084595	False	5e-06	-7.6439e-06	199784801.0	5	15625000000	3.1415850096	9183110	
Parallel	457	0.05739569664001465	False	5e-06	-7.0264e-06	9530.0	5	15625000000	3.1415856272	454300	
Parallel	458	0.002126932144165039	False	5e-06	2.668e-07	355.0	5	15625000000	3.1415929204	6766967	
Parallel	459	0.11315512657165527	False	5e-06	-3.3693e-06	19115.0	5	15625000000	3.1415892842	8945490	
Parallel	460	0.03988051414489746	False	5e-06	2.668e-07	6745.0	5	15625000000	3.1415929204	9967947	
Parallel	461	0.006253480911254883	False	5e-06	2.668e-07	1065.0	5	15625000000	3.1415929204	2360618	
Parallel	462	0.17197751998901367	False	5e-06	-4.5266e-06	29000.0	5	15625000000	3.141588127	6024412	
Parallel	463	0.04781150817871094	False	5e-06	-3.1474e-06	8143.0	5	15625000000	3.1415895062	5908836	
Parallel	464	0.2065896987915039	False	5e-06	1.4522e-06	35178.0	5	15625000000	3.1415941058	4879920	
Parallel	465	0.05858564376831055	False	5e-06	-1.1333e-06	9929.0	5	15625000000	3.1415915203	3246067	
Parallel	466	0.15169644355773926	False	5e-06	-2.699e-07	25904.0	5	15625000000	3.1415923837	8909620	
Parallel	467	0.06802153587341309	False	5e-06	-6.8931e-06	11649.0	5	15625000000	3.1415857605	9369969	
Parallel	468	0.41660094261169434	False	5e-06	1.8311e-06	71088.0	5	15625000000	3.1415944847	7201088	
Parallel	469	0.04792976379394531	False	5e-06	-1.438e-06	8154.0	5	15625000000	3.1415912156	7767778	
Parallel	470	0.7931995391845703	False	5e-06	2.2013e-06	136529.0	5	15625000000	3.1415948549	649464	
Parallel	471	0.002100706100463867	False	5e-06	2.668e-07	355.0	5	15625000000	3.1415929204	2874322	
Parallel	472	0.026859283447265625	False	5e-06	-2.7525e-06	4604.0	5	15625000000	3.1415899011	5982566	
Parallel	473	0.05608820915222168	False	5e-06	-5.5611e-06	9541.0	5	15625000000	3.1415870925	5351678	
Parallel	474	0.018620967864990234	False	5e-06	-4.0991e-06	3184.0	5	15625000000	3.1415885545	53440	
Parallel	475	0.11680412292480469	False	5e-06	-4.6469e-06	19803.0	5	15625000000	3.1415880067	9906600	
Parallel	476	4.813672304153442	False	5e-06	-6.8962e-06	818958.0	5	15625000000	3.1415857574	1600517	
Parallel	477	0.2991161346435547	False	5e-06	-2.1684e-06	51376.0	5	15625000000	3.1415904852	5853576	
Parallel	478	0.016945600509643555	False	5e-06	2.668e-07	2840.0	5	15625000000	3.1415929204	1840675	
Parallel	479	0.2169950008392334	False	5e-06	2.2023e-06	35910.0	5	15625000000	3.1415948559	4465821	
Parallel	480	0.43769264221191406	False	5e-06	-6.1665e-06	73466.0	5	15625000000	3.1415864871	9888741	
Parallel	481	6.099893808364868	False	5e-06	8.624e-07	1026789.0	5	15625000000	3.141593516	6092734	
Parallel	482	92.16734790802002	False	5e-06	-7.5073e-06	15776417.0	5	15625000000	3.1415851463	2622879	
Parallel	483	0.08351325988769531	False	5e-06	-6.6231e-06	14123.0	5	15625000000	3.1415860305	3542617	
Parallel	484	0.012550115585327148	False	5e-06	-6.2933e-06	2119.0	5	15625000000	3.1415863603	6168647	
Parallel	485	3.2830941677093506	False	5e-06	1.2211e-06	553508.0	5	15625000000	3.1415938747	6961026	
Parallel	486	0.8973774909973145	False	5e-06	-6.2328e-06	153988.0	5	15625000000	3.1415864208	6678911	
Parallel	487	0.041571855545043945	False	5e-06	-1.6941e-06	7089.0	5	15625000000	3.1415909595	5770347	
Parallel	488	0.014521360397338867	False	5e-06	-5.352e-06	2474.0	5	15625000000	3.1415873016	6758032	
Parallel	489	0.07813453674316406	False	5e-06	-6.9878e-06	13413.0	5	15625000000	3.1415856658	9876810	
Parallel	490	0.03101181983947754	False	5e-06	-4.9759e-06	5303.0	5	15625000000	3.1415876777	3598779	
Parallel	491	0.39306044578552246	False	5e-06	-5.625e-07	67051.0	5	15625000000	3.1415920911	6132718	
Parallel	492	0.05144810676574707	False	5e-06	-7.6135e-06	8820.0	5	15625000000	3.1415850401	169967	
Parallel	493	0.02705240249633789	False	5e-06	-2.7525e-06	4604.0	5	15625000000	3.1415899011	791280	
Parallel	494	0.04176807403564453	False	5e-06	-7.6135e-06	7056.0	5	15625000000	3.1415850401	2185533	
Parallel	495	0.15099692344665527	False	5e-06	-6.8431e-06	25417.0	5	15625000000	3.1415858105	1330717	
Parallel	496	2.894892454147339	False	5e-06	-7.5289e-06	495717.0	5	15625000000	3.1415851247	6614845	
Parallel	497	0.2294788360595703	False	5e-06	-5.87e-06	38508.0	5	15625000000	3.1415867836	7163531	
Parallel	498	0.1801586151123047	False	5e-06	-7.4313e-06	30698.0	5	15625000000	3.1415852223	1681697	
Parallel	499	0.10371923446655273	False	5e-06	-6.8211e-06	17651.0	5	15625000000	3.1415858325	4415307	
Parallel	500	0.24187469482421875	False	5e-06	-7.467e-07	41147.0	5	15625000000	3.1415919069	8805360	
Parallel	501	0.01470804214477539	False	5e-07	2.668e-07	2485.0	6	15625000000	3.1415929204	2015592	
Parallel	502	0.018798112869262695	False	5e-07	2.668e-07	3195.0	6	15625000000	3.1415929204	8465397	
Parallel	503	12.608818531036377	False	5e-07	-3.75e-08	2147233.0	6	15625000000	3.1415926161	5317253	
Parallel	504	0.014549493789672852	False	5e-07	2.668e-07	2485.0	6	15625000000	3.1415929204	7528659	
Parallel	505	0.03333854675292969	False	5e-07	2.668e-07	5680.0	6	15625000000	3.1415929204	5613515	
Parallel	506	1.1533210277557373	False	5e-07	-8.93e-08	195195.0	6	15625000000	3.1415925643	1393415	
Parallel	507	0.23417019844055176	False	5e-07	-7.99e-08	40104.0	6	15625000000	3.1415925737	9098211	
Parallel	508	0.0041544437408447266	False	5e-07	2.668e-07	710.0	6	15625000000	3.1415929204	5472971	
Parallel	509	0.012666463851928711	False	5e-07	2.668e-07	2130.0	6	15625000000	3.1415929204	3173415	
Parallel	510	6.725388050079346	False	5e-07	2.909e-07	1151997.0	6	15625000000	3.1415929445	7261259	
Parallel	511	0.21747350692749023	False	5e-07	2.668e-07	36565.0	6	15625000000	3.1415929204	565600	
Parallel	512	0.2616252899169922	False	5e-07	2.668e-07	44020.0	6	15625000000	3.1415929204	483054	
Parallel	513	0.06742644309997559	False	5e-07	2.668e-07	11360.0	6	15625000000	3.1415929204	6617329	
Parallel	514	0.34009456634521484	False	5e-07	2.65e-08	57854.0	6	15625000000	3.1415926801	3238733	
Parallel	515	0.0020978450775146484	False	5e-07	2.668e-07	355.0	6	15625000000	3.1415929204	8201937	
Parallel	516	0.10818171501159668	False	5e-07	2.668e-07	18460.0	6	15625000000	3.1415929204	3488562	
Parallel	517	0.004136562347412109	False	5e-07	2.668e-07	710.0	6	15625000000	3.1415929204	2979340	
Parallel	518	1.7987067699432373	False	5e-07	7.203e-07	306475.0	6	15625000000	3.1415933739	7743604	
Parallel	519	0.09215307235717773	False	5e-07	2.668e-07	15265.0	6	15625000000	3.1415929204	7703495	
Parallel	520	18.710135459899902	False	5e-07	-4.39e-08	3176824.0	6	15625000000	3.1415926097	4249540	
Parallel	521	0.42233920097351074	False	5e-07	2.668e-07	71355.0	6	15625000000	3.1415929204	7802850	
Parallel	522	0.4258251190185547	False	5e-07	-1.191e-07	72043.0	6	15625000000	3.1415925344	5317289	
Parallel	523	0.189406156539917	False	5e-07	2.668e-07	32305.0	6	15625000000	3.1415929204	7931707	
Parallel	524	0.022968769073486328	False	5e-07	2.668e-07	3905.0	6	15625000000	3.1415929204	1721626	
Parallel	525	3.69589900970459	False	5e-07	7.139e-07	621825.0	6	15625000000	3.1415933675	4457577	
Parallel	526	0.04557466506958008	False	5e-07	2.668e-07	7810.0	6	15625000000	3.1415929204	9893777	
Parallel	527	0.0042018890380859375	False	5e-07	2.668e-07	710.0	6	15625000000	3.1415929204	4866572	
Parallel	528	361.7766146659851	False	5e-07	-1.37e-07	61659774.0	6	15625000000	3.1415925166	7714946	
Parallel	529	0.24362969398498535	False	5e-07	6.163e-07	39771.0	6	15625000000	3.1415932699	1775496	
Parallel	530	0.23731493949890137	False	5e-07	-7.99e-08	40104.0	6	15625000000	3.1415925737	8822482	
Parallel	531	12.945576429367065	False	5e-07	2.411e-07	2170071.0	6	15625000000	3.1415928947	943827	
Parallel	532	0.0416109561920166	False	5e-07	2.668e-07	7100.0	6	15625000000	3.1415929204	8712929	
Parallel	533	0.3095550537109375	False	5e-07	5.331e-07	52196.0	6	15625000000	3.1415931867	648790	
Parallel	534	0.04387521743774414	False	5e-07	2.668e-07	7455.0	6	15625000000	3.1415929204	5756904	
Parallel	535	0.3161742687225342	False	5e-07	2.668e-07	53250.0	6	15625000000	3.1415929204	5985481	
Parallel	536	0.0547032356262207	False	5e-07	2.668e-07	9230.0	6	15625000000	3.1415929204	5059696	
Parallel	537	0.5463788509368896	False	5e-07	-3.57e-08	91923.0	6	15625000000	3.1415926179	4863996	
Parallel	538	0.1598958969116211	False	5e-07	2.668e-07	26980.0	6	15625000000	3.1415929204	7393464	
Parallel	539	0.06711483001708984	False	5e-07	2.668e-07	11360.0	6	15625000000	3.1415929204	3316225	
Parallel	540	0.3584706783294678	False	5e-07	7.355e-07	59307.0	6	15625000000	3.1415933891	3257636	
Parallel	541	0.09934544563293457	False	5e-07	2.668e-07	16685.0	6	15625000000	3.1415929204	3573248	
Parallel	542	0.5393960475921631	False	5e-07	7.291e-07	90203.0	6	15625000000	3.1415933827	6736670	
Parallel	543	0.25763416290283203	False	5e-07	2.668e-07	43665.0	6	15625000000	3.1415929204	94035	
Parallel	544	0.016605854034423828	False	5e-07	2.668e-07	2840.0	6	15625000000	3.1415929204	5934630	
Parallel	545	0.13702988624572754	False	5e-07	2.668e-07	23075.0	6	15625000000	3.1415929204	6817773	
Parallel	546	90.69860816001892	False	5e-07	3.7e-09	15431478.0	6	15625000000	3.1415926573	9500214	
Parallel	547	0.004210472106933594	False	5e-07	2.668e-07	710.0	6	15625000000	3.1415929204	6051620	
Parallel	548	0.03993034362792969	False	5e-07	2.668e-07	6745.0	6	15625000000	3.1415929204	9841577	
Parallel	549	15.354477167129517	False	5e-07	2.881e-07	2608229.0	6	15625000000	3.1415929417	1317505	
Parallel	550	0.004200935363769531	False	5e-07	2.668e-07	710.0	6	15625000000	3.1415929204	8527036	
Parallel	551	0.004191875457763672	False	5e-07	2.668e-07	710.0	6	15625000000	3.1415929204	35783	
Parallel	552	0.19341254234313965	False	5e-07	6.922e-07	32671.0	6	15625000000	3.1415933458	3950870	
Parallel	553	0.24329328536987305	False	5e-07	6.132e-07	40126.0	6	15625000000	3.1415932668	8069206	
Parallel	554	6.1636059284210205	False	5e-07	2e-09	1050225.0	6	15625000000	3.1415926556	8995633	
Parallel	555	0.1762099266052246	False	5e-07	7.273e-07	30186.0	6	15625000000	3.1415933809	9696094	
Parallel	556	0.008416414260864258	False	5e-07	2.668e-07	1420.0	6	15625000000	3.1415929204	9079982	
Parallel	557	0.4922327995300293	False	5e-07	2.668e-07	84135.0	6	15625000000	3.1415929204	2180977	
Parallel	558	0.016808509826660156	False	5e-07	2.668e-07	2840.0	6	15625000000	3.1415929204	7159541	
Parallel	559	0.4563605785369873	False	5e-07	8.005e-07	78133.0	6	15625000000	3.1415934541	9793824	
Parallel	560	0.0589137077331543	False	5e-07	2.668e-07	9940.0	6	15625000000	3.1415929204	768137	
Parallel	561	3.5435478687286377	False	5e-07	4.071e-07	594336.0	6	15625000000	3.1415930607	5760904	
Parallel	562	0.15073728561401367	False	5e-07	8.029e-07	25926.0	6	15625000000	3.1415934565	5792725	
Parallel	563	0.06060433387756348	False	5e-07	2.668e-07	10295.0	6	15625000000	3.1415929204	3450943	
Parallel	564	0.01058506965637207	False	5e-07	2.668e-07	1775.0	6	15625000000	3.1415929204	8865694	
Parallel	565	0.8146016597747803	False	5e-07	3.695e-07	135266.0	6	15625000000	3.1415930231	1787833	
Parallel	566	0.1265575885772705	False	5e-07	2.668e-07	21300.0	6	15625000000	3.1415929204	1963868	
Parallel	567	0.21210956573486328	False	5e-07	2.668e-07	35855.0	6	15625000000	3.1415929204	6112814	
Parallel	568	7.965738296508789	False	5e-07	6.724e-07	1336649.0	6	15625000000	3.1415933259	8064658	
Parallel	569	0.010289192199707031	False	5e-07	2.668e-07	1775.0	6	15625000000	3.1415929204	659990	
Parallel	570	0.2670927047729492	False	5e-07	5.825e-07	44031.0	6	15625000000	3.1415932361	2622567	
Parallel	571	0.0438082218170166	False	5e-07	2.668e-07	7455.0	6	15625000000	3.1415929204	3533790	
Parallel	572	0.0063724517822265625	False	5e-07	2.668e-07	1065.0	6	15625000000	3.1415929204	129567	
Parallel	573	90.07241630554199	False	5e-07	-1.326e-07	15419877.0	6	15625000000	3.141592521	5177630	
Parallel	574	0.5090343952178955	False	5e-07	7.52e-07	85943.0	6	15625000000	3.1415934056	4510459	
Parallel	575	0.031199216842651367	False	5e-07	2.668e-07	5325.0	6	15625000000	3.1415929204	7411654	
Parallel	576	2.7834372520446777	False	5e-07	4.438e-07	471151.0	6	15625000000	3.1415930974	4507348	
Parallel	577	3.258688449859619	False	5e-07	-1.317e-07	558239.0	6	15625000000	3.1415925219	1698808	
Parallel	578	0.006276845932006836	False	5e-07	2.668e-07	1065.0	6	15625000000	3.1415929204	8663227	
Parallel	579	0.02721118927001953	False	5e-07	2.668e-07	4615.0	6	15625000000	3.1415929204	2737252	
Parallel	580	3.7367472648620605	False	5e-07	8.101e-07	639630.0	6	15625000000	3.1415934637	8338133	
Parallel	581	159.73283576965332	False	5e-07	-5.84e-08	27317321.0	6	15625000000	3.1415925952	6467270	
Parallel	582	208.09444189071655	False	5e-07	-1.431e-07	35545982.0	6	15625000000	3.1415925105	2588108	
Parallel	583	0.20945048332214355	False	5e-07	-1.249e-07	35489.0	6	15625000000	3.1415925287	8430908	
Parallel	584	13.458515644073486	False	5e-07	-1.13e-07	2306097.0	6	15625000000	3.1415925406	2559731	
Parallel	585	0.9319541454315186	False	5e-07	2.7e-09	157942.0	6	15625000000	3.1415926563	9185795	
Parallel	586	0.2731466293334961	False	5e-07	-3e-08	46849.0	6	15625000000	3.1415926236	2536166	
Parallel	587	0.24839496612548828	False	5e-07	5.957e-07	42256.0	6	15625000000	3.1415932493	2160153	
Parallel	588	0.08870458602905273	False	5e-07	2.668e-07	15265.0	6	15625000000	3.1415929204	4624990	
Parallel	589	0.12531661987304688	False	5e-07	2.668e-07	21300.0	6	15625000000	3.1415929204	3971155	
Parallel	590	0.002096414566040039	False	5e-07	2.668e-07	355.0	6	15625000000	3.1415929204	9214630	
Parallel	591	0.22211790084838867	False	5e-07	2.668e-07	37630.0	6	15625000000	3.1415929204	648913	
Parallel	592	0.0062253475189208984	False	5e-07	2.668e-07	1065.0	6	15625000000	3.1415929204	5561010	
Parallel	593	0.020843982696533203	False	5e-07	2.668e-07	3550.0	6	15625000000	3.1415929204	9896203	
Parallel	594	0.5645313262939453	False	5e-07	-2.12e-08	96538.0	6	15625000000	3.1415926324	7160711	
Parallel	595	7.7739996910095215	False	5e-07	6.423e-07	1332711.0	6	15625000000	3.1415932959	2100416	
Parallel	596	2.498753786087036	False	5e-07	7.852e-07	429016.0	6	15625000000	3.1415934388	5247833	
Parallel	597	0.05784296989440918	False	5e-07	2.668e-07	9940.0	6	15625000000	3.1415929204	561148	
Parallel	598	0.19518780708312988	False	5e-07	6.877e-07	33026.0	6	15625000000	3.1415933413	9311000	
Parallel	599	0.20933938026428223	False	5e-07	2.668e-07	35855.0	6	15625000000	3.1415929204	1939973	
Parallel	600	0.018589258193969727	False	5e-07	2.668e-07	3195.0	6	15625000000	3.1415929204	8543760	
Parallel	601	1.4506337642669678	False	5e-08	4.2e-08	247391.0	7	15625000000	3.1415926956	2581701	
Parallel	602	0.7276458740234375	False	5e-08	4.1e-08	123163.0	7	15625000000	3.1415926946	6039261	
Parallel	603	0.385880708694458	False	5e-08	5.28e-08	64954.0	7	15625000000	3.1415927063	259541	
Parallel	604	0.6514620780944824	False	5e-08	1.41e-08	110028.0	7	15625000000	3.1415926677	283225	
Parallel	605	49.160813331604004	False	5e-08	7.98e-08	8402672.0	7	15625000000	3.1415927334	2613804	
Parallel	606	60.01280879974365	False	5e-08	7.7e-08	10255120.0	7	15625000000	3.1415927306	4222014	
Parallel	607	3.8298449516296387	False	5e-08	3.33e-08	654854.0	7	15625000000	3.1415926869	3941557	
Parallel	608	11.32381534576416	False	5e-08	6.49e-08	1928407.0	7	15625000000	3.1415927185	6493497	
Parallel	609	0.8816895484924316	False	5e-08	7.98e-08	148723.0	7	15625000000	3.1415927334	1366654	
Parallel	610	0.606440544128418	False	5e-08	-3.3e-09	102928.0	7	15625000000	3.1415926502	4686601	
Parallel	611	2.1871390342712402	False	5e-08	4.28e-08	372329.0	7	15625000000	3.1415926963	3174126	
Parallel	612	0.446120023727417	False	5e-08	8.38e-08	75959.0	7	15625000000	3.1415927373	5236529	
Parallel	613	0.6916589736938477	False	5e-08	3.22e-08	118548.0	7	15625000000	3.1415926858	4838345	
Parallel	614	3.7691617012023926	False	5e-08	2.98e-08	645269.0	7	15625000000	3.1415926834	2330198	
Parallel	615	0.9072065353393555	False	5e-08	8.59e-08	153693.0	7	15625000000	3.1415927395	8827454	
Parallel	616	2.240509510040283	False	5e-08	4.9e-08	382979.0	7	15625000000	3.1415927026	4009443	
Parallel	617	5.228125810623169	False	5e-08	2e-10	886603.0	7	15625000000	3.1415926538	4833433	
Parallel	618	1.013063907623291	False	5e-08	2.35e-08	171432.0	7	15625000000	3.1415926771	5218377	
Parallel	619	1.0933074951171875	False	5e-08	3.73e-08	181727.0	7	15625000000	3.1415926909	8590479	
Parallel	620	0.30425190925598145	False	5e-08	-3.3e-09	51464.0	7	15625000000	3.1415926502	8126738	
Parallel	621	2.5509848594665527	False	5e-08	1.18e-08	436207.0	7	15625000000	3.1415926654	2077696	
Parallel	622	38.46331787109375	False	5e-08	5.43e-08	6542970.0	7	15625000000	3.1415927079	1819459	
Parallel	623	1.394643783569336	False	5e-08	9.04e-08	236397.0	7	15625000000	3.1415927439	3776742	
Parallel	624	1498.379306793213	False	5e-08	9e-10	255588821.0	7	15625000000	3.1415926545	9542633	
Parallel	625	12.796586036682129	False	5e-08	-3.5e-09	2160423.0	7	15625000000	3.1415926501	3708122	
Parallel	626	5.626886606216431	False	5e-08	4.76e-08	951235.0	7	15625000000	3.1415927012	6650934	
Parallel	627	0.8239016532897949	False	5e-08	6.75e-08	139493.0	7	15625000000	3.141592721	5047973	
Parallel	628	5.837189435958862	False	5e-08	1.59e-08	997352.0	7	15625000000	3.1415926695	4140461	
Parallel	629	4.892348527908325	False	5e-08	1.73e-08	835860.0	7	15625000000	3.1415926709	5146407	
Parallel	630	1.7716395854949951	False	5e-08	3.53e-08	300275.0	7	15625000000	3.1415926889	286319	
Parallel	631	44.36509990692139	False	5e-08	6.59e-08	7474047.0	7	15625000000	3.1415927195	8977862	
Parallel	632	1.8746273517608643	False	5e-08	4.72e-08	316605.0	7	15625000000	3.1415927008	8724739	
Parallel	633	4.82341742515564	False	5e-08	1.36e-08	823790.0	7	15625000000	3.1415926672	3691996	
Parallel	634	1.0702247619628906	False	5e-08	3.59e-08	180662.0	7	15625000000	3.1415926895	3218410	
Parallel	635	0.7450685501098633	False	5e-08	4.61e-08	126003.0	7	15625000000	3.1415926997	5322260	
Parallel	636	3.8590054512023926	False	5e-08	1.39e-08	659813.0	7	15625000000	3.1415926675	3480820	
Parallel	637	0.6227540969848633	False	5e-08	4.8e-09	106123.0	7	15625000000	3.1415926584	1306572	
Parallel	638	5.2209436893463135	False	5e-08	9.13e-08	871404.0	7	15625000000	3.1415927449	6409349	
Parallel	639	1.2425172328948975	False	5e-08	7.03e-08	212257.0	7	15625000000	3.1415927239	6894472	
Parallel	640	0.6736040115356445	False	5e-08	2.5e-08	114998.0	7	15625000000	3.1415926786	7425426	
Parallel	641	1.7933309078216553	False	5e-08	8.44e-08	304901.0	7	15625000000	3.141592738	8922032	
Parallel	642	0.908473014831543	False	5e-08	8.63e-08	154048.0	7	15625000000	3.1415927399	1125092	
Parallel	643	0.7988817691802979	False	5e-08	6.12e-08	135233.0	7	15625000000	3.1415927148	2310621	
Parallel	644	0.8959383964538574	False	5e-08	8.29e-08	151208.0	7	15625000000	3.1415927365	1750166	
Parallel	645	0.8475837707519531	False	5e-08	7.19e-08	142688.0	7	15625000000	3.1415927255	4375734	
Parallel	646	7.465565204620361	False	5e-08	5.98e-08	1276371.0	7	15625000000	3.1415927134	3307742	
Parallel	647	143.0645933151245	False	5e-08	1.9e-08	24404305.0	7	15625000000	3.1415926726	8729090	
Parallel	648	3.91800856590271	False	5e-08	1.19e-08	654488.0	7	15625000000	3.1415926655	3110155	
Parallel	649	1.5829274654388428	False	5e-08	5.93e-08	267981.0	7	15625000000	3.1415927129	8526591	
Parallel	650	207.64480829238892	False	5e-08	9.14e-08	35045353.0	7	15625000000	3.141592745	854724	
Parallel	651	94.08705306053162	False	5e-08	9.52e-08	15797485.0	7	15625000000	3.1415927488	1408011	
Parallel	652	0.3571131229400635	False	5e-08	3.77e-08	60694.0	7	15625000000	3.1415926913	3807339	
Parallel	653	139.02987456321716	False	5e-08	4.8e-08	23508645.0	7	15625000000	3.1415927016	5178439	
Parallel	654	0.6592462062835693	False	5e-08	1.89e-08	112158.0	7	15625000000	3.1415926725	438789	
Parallel	655	2.9090938568115234	False	5e-08	1.3e-08	492996.0	7	15625000000	3.1415926666	5884261	
Parallel	656	8.028191328048706	False	5e-08	3.17e-08	1360107.0	7	15625000000	3.1415926853	9058827	
Parallel	657	0.6909470558166504	False	5e-08	2.94e-08	117128.0	7	15625000000	3.141592683	1269599	
Parallel	658	6.916604280471802	False	5e-08	3.07e-08	1177670.0	7	15625000000	3.1415926843	9766775	
Parallel	659	3.180494546890259	False	5e-08	3.56e-08	541276.0	7	15625000000	3.1415926892	7357954	
Parallel	660	0.4729163646697998	False	5e-08	9.42e-08	80574.0	7	15625000000	3.1415927478	4400336	
Parallel	661	0.3753244876861572	False	5e-08	4.92e-08	63889.0	7	15625000000	3.1415927028	5284242	
Parallel	662	0.3330094814300537	False	5e-08	1.73e-08	55724.0	7	15625000000	3.1415926709	7392320	
Parallel	663	0.8872151374816895	False	5e-08	7.98e-08	148723.0	7	15625000000	3.1415927334	4224519	
Parallel	664	4.983423709869385	False	5e-08	6.61e-08	831278.0	7	15625000000	3.1415927197	2742547	
Parallel	665	1.4825353622436523	False	5e-08	4.36e-08	249166.0	7	15625000000	3.1415926972	2217522	
Parallel	666	2.424555778503418	False	5e-08	9.51e-08	405000.0	7	15625000000	3.1415927487	1174487	
Parallel	667	0.6180622577667236	False	5e-08	-6e-10	103993.0	7	15625000000	3.141592653	1514643	
Parallel	668	2.823148488998413	False	5e-08	3.3e-09	474891.0	7	15625000000	3.1415926569	3652420	
Parallel	669	0.9281415939331055	False	5e-08	9.08e-08	157953.0	7	15625000000	3.1415927443	9433725	
Parallel	670	5.019007205963135	False	5e-08	8.77e-08	854009.0	7	15625000000	3.1415927413	6538491	
Parallel	671	0.7323048114776611	False	5e-08	4.17e-08	123518.0	7	15625000000	3.1415926953	3077470	
Parallel	672	2.974126100540161	False	5e-08	4.17e-08	494072.0	7	15625000000	3.1415926953	848320	
Parallel	673	1.4483659267425537	False	5e-08	3.97e-08	244906.0	7	15625000000	3.1415926933	9505975	
Parallel	674	12.023597002029419	False	5e-08	2.18e-08	2042629.0	7	15625000000	3.1415926754	2138111	
Parallel	675	13.248780250549316	False	5e-08	-1.2e-09	2230347.0	7	15625000000	3.1415926524	7680457	
Parallel	676	1.0446889400482178	False	5e-08	3.04e-08	176402.0	7	15625000000	3.1415926839	5916874	
Parallel	677	5.9847471714019775	False	5e-08	6.07e-08	1011940.0	7	15625000000	3.1415927143	3584604	
Parallel	678	2.6646528244018555	False	5e-08	1.93e-08	449342.0	7	15625000000	3.1415926729	9572458	
Parallel	679	0.31298375129699707	False	5e-08	3.9e-09	52884.0	7	15625000000	3.1415926575	939742	
Parallel	680	1.0039288997650146	False	5e-08	2.35e-08	171432.0	7	15625000000	3.1415926771	8451049	
Parallel	681	2.1047866344451904	False	5e-08	3.52e-08	360259.0	7	15625000000	3.1415926888	657553	
Parallel	682	0.3907172679901123	False	5e-08	5.95e-08	67084.0	7	15625000000	3.1415927131	5796424	
Parallel	683	1.0205047130584717	False	5e-08	2.7e-08	173917.0	7	15625000000	3.1415926806	4720089	
Parallel	684	2.3712456226348877	False	5e-08	2.44e-08	401428.0	7	15625000000	3.141592678	9796837	
Parallel	685	0.3401944637298584	False	5e-08	2.65e-08	57854.0	7	15625000000	3.1415926801	4524076	
Parallel	686	0.4758870601654053	False	5e-08	9.57e-08	81284.0	7	15625000000	3.1415927493	6843746	
Parallel	687	0.871830940246582	False	5e-08	7.89e-08	148013.0	7	15625000000	3.1415927325	252150	
Parallel	688	0.32312893867492676	False	5e-08	1.24e-08	54659.0	7	15625000000	3.141592666	411944	
Parallel	689	0.362898588180542	False	5e-08	4.04e-08	61404.0	7	15625000000	3.141592694	3248048	
Parallel	690	0.7715845108032227	False	5e-08	5.51e-08	131328.0	7	15625000000	3.1415927087	3906125	
Parallel	691	13.98186469078064	False	5e-08	-3e-10	2394679.0	7	15625000000	3.1415926533	3263137	
Parallel	692	1.6368024349212646	False	5e-08	1.7e-08	278265.0	7	15625000000	3.1415926706	9747199	
Parallel	693	3.3466436862945557	False	5e-08	-2.7e-09	567524.0	7	15625000000	3.1415926509	4892196	
Parallel	694	0.4351692199707031	False	5e-08	7.85e-08	73829.0	7	15625000000	3.1415927321	6685728	
Parallel	695	0.7335531711578369	False	5e-08	4.3e-08	124228.0	7	15625000000	3.1415926966	589064	
Parallel	696	0.6717565059661865	False	5e-08	2.12e-08	113223.0	7	15625000000	3.1415926748	2877689	
Parallel	697	0.7392082214355469	False	5e-08	4.61e-08	126003.0	7	15625000000	3.1415926997	4428697	
Parallel	698	0.36383843421936035	False	5e-08	3.77e-08	60694.0	7	15625000000	3.1415926913	26108	
Parallel	699	0.9358694553375244	False	5e-08	9e-10	156877.0	7	15625000000	3.1415926545	8370407	
Parallel	700	16.553713083267212	False	5e-08	6.3e-08	2796949.0	7	15625000000	3.1415927166	4112562	
Parallel	701	27.88054609298706	False	5e-09	-6.5e-09	4731127.0	8	15625000000	3.1415926471	726248	
Parallel	702	179.7037696838379	False	5e-09	-1.3e-09	30234262.0	8	15625000000	3.1415926523	8773482	
Parallel	703	0.9217121601104736	False	5e-09	3e-10	156522.0	8	15625000000	3.1415926539	3782876	
Parallel	704	5.2299277782440186	False	5e-09	1.1e-09	889443.0	8	15625000000	3.1415926547	8278822	
Parallel	705	26.96306586265564	False	5e-09	-5.5e-09	4544441.0	8	15625000000	3.1415926481	1871940	
Parallel	706	3.0736100673675537	False	5e-09	2e-10	521385.0	8	15625000000	3.1415926537	5482964	
Parallel	707	125.04567646980286	False	5e-09	-8.1e-09	21241065.0	8	15625000000	3.1415926455	5579794	
Parallel	708	6.774940252304077	False	5e-09	1.2e-09	1151378.0	8	15625000000	3.1415926547	1890294	
Parallel	709	1.8184776306152344	False	5e-09	-2.4e-09	309849.0	8	15625000000	3.1415926512	4105318	
Parallel	710	9.908849716186523	False	5e-09	-5.5e-09	1684822.0	8	15625000000	3.1415926481	9140997	
Parallel	711	4.606976509094238	False	5e-09	2e-10	782255.0	8	15625000000	3.1415926538	2569038	
Parallel	712	49.464892864227295	False	5e-09	-1.8e-09	8437267.0	8	15625000000	3.1415926518	3332218	
Parallel	713	0.9018547534942627	False	5e-09	-5.9e-09	152972.0	8	15625000000	3.1415926477	266464	
Parallel	714	0.9188446998596191	False	5e-09	3e-10	156522.0	8	15625000000	3.1415926539	7820973	
Parallel	715	10.61655855178833	False	5e-09	-5e-09	1790235.0	8	15625000000	3.1415926486	3422529	
Parallel	716	51.19784760475159	False	5e-09	-5.3e-09	8633516.0	8	15625000000	3.1415926482	1807031	
Parallel	717	33.076361656188965	False	5e-09	-3.1e-09	5564147.0	8	15625000000	3.1415926505	9359834	
Parallel	718	20.381834268569946	False	5e-09	-2.8e-09	3454833.0	8	15625000000	3.1415926508	6174859	
Parallel	719	208.80485200881958	False	5e-09	-6.5e-09	35154794.0	8	15625000000	3.1415926471	834034	
Parallel	720	2.085893154144287	False	5e-09	-6e-09	356698.0	8	15625000000	3.1415926476	1824290	
Parallel	721	70.27170014381409	False	5e-09	-8.4e-09	11819281.0	8	15625000000	3.1415926451	4288210	
Parallel	722	4.315267086029053	False	5e-09	-6e-10	727951.0	8	15625000000	3.141592653	7052435	
Parallel	723	0.30127668380737305	False	5e-09	-3.3e-09	51464.0	8	15625000000	3.1415926502	356491	
Parallel	724	18.07861042022705	False	5e-09	-2.1e-09	3050931.0	8	15625000000	3.1415926515	7080373	
Parallel	725	2.3918163776397705	False	5e-09	-6.2e-09	407452.0	8	15625000000	3.1415926474	882152	
Parallel	726	10.957165241241455	False	5e-09	-3.1e-09	1854124.0	8	15625000000	3.1415926505	6999657	
Parallel	727	5.75177788734436	False	5e-09	-5e-09	971781.0	8	15625000000	3.1415926486	2787579	
Parallel	728	5.935397624969482	False	5e-09	-8.5e-09	1010110.0	8	15625000000	3.1415926451	9905037	
Parallel	729	10.946512937545776	False	5e-09	-3.8e-09	1849509.0	8	15625000000	3.1415926498	9301688	
Parallel	730	5.25452733039856	False	5e-09	-6e-10	883763.0	8	15625000000	3.141592653	8752508	
Parallel	731	8.85492491722107	False	5e-09	1e-10	1511981.0	8	15625000000	3.1415926537	7653278	
Parallel	732	38.260276794433594	False	5e-09	-7.9e-09	6528806.0	8	15625000000	3.1415926457	3683756	
Parallel	733	25.471728324890137	False	5e-09	-1.6e-09	4350311.0	8	15625000000	3.1415926519	4153433	
Parallel	734	2.095838785171509	False	5e-09	-6.8e-09	355633.0	8	15625000000	3.1415926467	3598832	
Parallel	735	3.6220152378082275	False	5e-09	-5.9e-09	611888.0	8	15625000000	3.1415926477	178410	
Parallel	736	17.37526035308838	False	5e-09	-7.7e-09	2937697.0	8	15625000000	3.1415926459	2097894	
Parallel	737	577.3327009677887	False	5e-09	-5e-09	97289193.0	8	15625000000	3.1415926486	4024074	
Parallel	738	7.924577236175537	False	5e-09	-5.6e-09	1327059.0	8	15625000000	3.141592648	4836823	
Parallel	739	14.173560380935669	False	5e-09	9e-10	2405329.0	8	15625000000	3.1415926545	4442129	
Parallel	740	2.7742648124694824	False	5e-09	1.1e-09	470986.0	8	15625000000	3.1415926547	4911457	
Parallel	741	16.01761484146118	False	5e-09	-8.5e-09	2726516.0	8	15625000000	3.141592645	8293628	
Parallel	742	2.1063497066497803	False	5e-09	-4.4e-09	358828.0	8	15625000000	3.1415926492	3092703	
Parallel	743	43.59729886054993	False	5e-09	-1.3e-09	7415442.0	8	15625000000	3.1415926523	9863687	
Parallel	744	19.766659259796143	False	5e-09	-5.5e-09	3318180.0	8	15625000000	3.141592648	7466552	
Parallel	745	49.3032443523407	False	5e-09	-8.4e-09	8284961.0	8	15625000000	3.1415926452	8419364	
Parallel	746	3.953578472137451	False	5e-09	-3.1e-09	669742.0	8	15625000000	3.1415926505	1552265	
Parallel	747	7.406856298446655	False	5e-09	-8.3e-09	1263525.0	8	15625000000	3.1415926453	9187397	
Parallel	748	10.53212594985962	False	5e-09	-5.7e-09	1785975.0	8	15625000000	3.1415926479	9862384	
Parallel	749	3.3101723194122314	False	5e-09	-5e-09	562554.0	8	15625000000	3.1415926485	4389865	
Parallel	750	14.889511585235596	False	5e-09	8e-10	2508967.0	8	15625000000	3.1415926544	3746334	
Parallel	751	182.26385402679443	False	5e-09	-5.4e-09	30642680.0	8	15625000000	3.1415926482	1060419	
Parallel	752	0.6107654571533203	False	5e-09	-4.3e-09	102573.0	8	15625000000	3.1415926493	7683537	
Parallel	753	56.847360610961914	False	5e-09	1e-10	9644735.0	8	15625000000	3.1415926537	4362796	
Parallel	754	0.8988280296325684	False	5e-09	-6.5e-09	152617.0	8	15625000000	3.1415926471	1708889	
Parallel	755	88.85899806022644	False	5e-09	-6.2e-09	15023550.0	8	15625000000	3.1415926474	2105225	
Parallel	756	3.3107411861419678	False	5e-09	-5.4e-09	561844.0	8	15625000000	3.1415926482	6707409	
Parallel	757	5.981395244598389	False	5e-09	-6e-09	1019340.0	8	15625000000	3.1415926476	3356238	
Parallel	758	1.1907732486724854	False	5e-09	-8.6e-09	201951.0	8	15625000000	3.141592645	24506	
Parallel	759	13.567082405090332	False	5e-09	-3.5e-09	2314815.0	8	15625000000	3.1415926501	6649296	
Parallel	760	1152.4504616260529	False	5e-09	-4.7e-09	195230777.0	8	15625000000	3.1415926489	7766797	
Parallel	761	9.315730571746826	False	5e-09	-5.9e-09	1580474.0	8	15625000000	3.1415926477	3756618	
Parallel	762	3.872117042541504	False	5e-09	-5.8e-09	662997.0	8	15625000000	3.1415926478	4539482	
Parallel	763	4.506082057952881	False	5e-09	-4.2e-09	769475.0	8	15625000000	3.1415926494	4178154	
Parallel	764	2.0932412147521973	False	5e-09	-5e-09	358118.0	8	15625000000	3.1415926486	1497296	
Parallel	765	3.036162853240967	False	5e-09	-4.1e-09	513220.0	8	15625000000	3.1415926495	9361542	
Parallel	766	28.638347387313843	False	5e-09	-2.5e-09	4852881.0	8	15625000000	3.1415926511	9682998	
Parallel	767	10.576485872268677	False	5e-09	-5.5e-09	1786685.0	8	15625000000	3.141592648	7667970	
Parallel	768	6.903089284896851	False	5e-09	-6e-09	1172312.0	8	15625000000	3.1415926476	8874214	
Parallel	769	4.462158441543579	False	5e-09	-7.4e-09	760600.0	8	15625000000	3.1415926462	7361869	
Parallel	770	0.29630613327026367	False	5e-09	-7.1e-09	50754.0	8	15625000000	3.1415926465	6715586	
Parallel	771	3.0594916343688965	False	5e-09	-4e-10	520320.0	8	15625000000	3.1415926532	6473775	
Parallel	772	78.68472790718079	False	5e-09	-8.5e-09	13433824.0	8	15625000000	3.1415926451	9439078	
Parallel	773	1.4986209869384766	False	5e-09	-5.6e-09	255190.0	8	15625000000	3.141592648	3163015	
Parallel	774	4.617053270339966	False	5e-09	3e-10	782610.0	8	15625000000	3.1415926539	8737742	
Parallel	775	0.609635591506958	False	5e-09	3e-10	104348.0	8	15625000000	3.1415926539	7465916	
Parallel	776	54.936458349227905	False	5e-09	-8.4e-09	9396579.0	8	15625000000	3.1415926452	208962	
Parallel	777	1.8270416259765625	False	5e-09	3e-10	313044.0	8	15625000000	3.1415926539	3801182	
Parallel	778	11.468692779541016	False	5e-09	-2.1e-09	1964507.0	8	15625000000	3.1415926515	2307413	
Parallel	779	666.1726591587067	False	5e-09	-1.4e-09	114331884.0	8	15625000000	3.1415926521	3215888	
Parallel	780	28.34925866127014	False	5e-09	-4.4e-09	4870265.0	8	15625000000	3.1415926492	629360	
Parallel	781	1.5318405628204346	False	5e-09	3e-10	260870.0	8	15625000000	3.1415926539	2472977	
Parallel	782	0.9123501777648926	False	5e-09	-3e-10	156167.0	8	15625000000	3.1415926533	2259959	
Parallel	783	34.3937201499939	False	5e-09	-2.1e-09	5843122.0	8	15625000000	3.1415926515	4855396	
Parallel	784	30.78648829460144	False	5e-09	-2.4e-09	5268498.0	8	15625000000	3.1415926512	6518358	
Parallel	785	5.1648640632629395	False	5e-09	-1e-09	882698.0	8	15625000000	3.1415926526	1499365	
Parallel	786	24.872156381607056	False	5e-09	3e-10	4277203.0	8	15625000000	3.1415926539	8813956	
Parallel	787	18.059133052825928	False	5e-09	-1.1e-09	3061936.0	8	15625000000	3.1415926525	4004049	
Parallel	788	23.612938404083252	False	5e-09	-7.6e-09	4003176.0	8	15625000000	3.141592646	8142324	
Parallel	789	2.72326397895813	False	5e-09	-2.5e-09	464596.0	8	15625000000	3.1415926511	7148689	
Parallel	790	57.127472162246704	False	5e-09	-4e-10	9782442.0	8	15625000000	3.1415926532	2388593	
Parallel	791	1100.9273393154144	False	5e-09	-7.9e-09	186077533.0	8	15625000000	3.1415926457	6057627	
Parallel	792	4.822269916534424	False	5e-09	-4.2e-09	820939.0	8	15625000000	3.1415926494	5316310	
Parallel	793	4.262610197067261	False	5e-09	-2e-09	724046.0	8	15625000000	3.1415926516	4336865	
Parallel	794	2.7297658920288086	False	5e-09	-1.7e-09	466016.0	8	15625000000	3.1415926519	9902463	
Parallel	795	2.7197930812835693	False	5e-09	-4e-09	462111.0	8	15625000000	3.1415926496	8336453	
Parallel	796	169.54006552696228	False	5e-09	-8e-10	29143944.0	8	15625000000	3.1415926528	2358015	
Parallel	797	5.520144462585449	False	5e-09	1e-10	938422.0	8	15625000000	3.1415926537	2033437	
Parallel	798	6.111478805541992	False	5e-09	-7e-10	1039575.0	8	15625000000	3.1415926529	6734079	
Parallel	799	5.087121248245239	False	5e-09	-6.7e-09	864238.0	8	15625000000	3.1415926469	9378595	
Parallel	800	26.92058753967285	False	5e-09	-7.3e-09	4616129.0	8	15625000000	3.1415926463	4860234	
