ID	Pi Hat	CntProbe	SeedInit	Error	RunTime	Experiment	
1	2.5	10.0	297997	-0.6415926536	3.981590270996094e-05	Parallel	
2	2.5	10.0	5108561	-0.6415926536	3.886222839355469e-05	Parallel	
3	4.0	10.0	4412329	0.8584073464	3.790855407714844e-05	Parallel	
4	2.8571428571	10.0	3808485	-0.2844497964	3.719329833984375e-05	Parallel	
5	2.2222222222	10.0	98911	-0.9193704314	3.6716461181640625e-05	Parallel	
6	3.3333333333	10.0	9632571	0.1917406797	3.695487976074219e-05	Parallel	
7	2.8571428571	10.0	9127104	-0.2844497964	3.719329833984375e-05	Parallel	
8	2.2222222222	10.0	1336778	-0.9193704314	3.814697265625e-05	Parallel	
9	2.2222222222	10.0	7811552	-0.9193704314	3.695487976074219e-05	Parallel	
10	4.0	10.0	7207563	0.8584073464	3.695487976074219e-05	Parallel	
11	2.5	10.0	806168	-0.6415926536	3.719329833984375e-05	Parallel	
12	4.0	10.0	6332574	0.8584073464	3.695487976074219e-05	Parallel	
13	5.0	10.0	152846	1.8584073464	3.600120544433594e-05	Parallel	
14	6.6666666667	10.0	7703988	3.5250740131	3.6716461181640625e-05	Parallel	
15	4.0	10.0	8601024	0.8584073464	3.600120544433594e-05	Parallel	
16	5.0	10.0	2071897	1.8584073464	3.695487976074219e-05	Parallel	
17	3.3333333333	10.0	4817775	0.1917406797	3.600120544433594e-05	Parallel	
18	2.8571428571	10.0	5946572	-0.2844497964	3.62396240234375e-05	Parallel	
19	4.0	10.0	7191820	0.8584073464	3.600120544433594e-05	Parallel	
20	3.3333333333	10.0	5904819	0.1917406797	3.600120544433594e-05	Parallel	
21	2.8571428571	10.0	5058180	-0.2844497964	3.600120544433594e-05	Parallel	
22	2.8571428571	10.0	3199223	-0.2844497964	3.695487976074219e-05	Parallel	
23	4.0	10.0	7917799	0.8584073464	3.6716461181640625e-05	Parallel	
24	2.8571428571	10.0	8930077	-0.2844497964	3.600120544433594e-05	Parallel	
25	2.8571428571	10.0	5269520	-0.2844497964	4.00543212890625e-05	Parallel	
26	2.5	10.0	4022919	-0.6415926536	3.5762786865234375e-05	Parallel	
27	5.0	10.0	6600877	1.8584073464	3.62396240234375e-05	Parallel	
28	2.5	10.0	1450708	-0.6415926536	3.62396240234375e-05	Parallel	
29	4.0	10.0	6626632	0.8584073464	3.504753112792969e-05	Parallel	
30	3.3333333333	10.0	7714124	0.1917406797	3.981590270996094e-05	Parallel	
31	3.3333333333	10.0	1661012	0.1917406797	3.6716461181640625e-05	Parallel	
32	3.3333333333	10.0	963323	0.1917406797	3.504753112792969e-05	Parallel	
33	2.5	10.0	3239664	-0.6415926536	3.600120544433594e-05	Parallel	
34	2.8571428571	10.0	4947524	-0.2844497964	3.600120544433594e-05	Parallel	
35	4.0	10.0	323083	0.8584073464	3.62396240234375e-05	Parallel	
36	4.0	10.0	4264280	0.8584073464	3.504753112792969e-05	Parallel	
37	2.5	10.0	1118649	-0.6415926536	3.62396240234375e-05	Parallel	
38	3.3333333333	10.0	5937451	0.1917406797	3.600120544433594e-05	Parallel	
39	5.0	10.0	3439192	1.8584073464	5.698204040527344e-05	Parallel	
40	4.0	10.0	3948489	0.8584073464	4.792213439941406e-05	Parallel	
41	2.8571428571	10.0	687316	-0.2844497964	3.5762786865234375e-05	Parallel	
42	2.8571428571	10.0	4698533	-0.2844497964	3.504753112792969e-05	Parallel	
43	3.3333333333	10.0	6716295	0.1917406797	3.504753112792969e-05	Parallel	
44	2.2222222222	10.0	1991017	-0.9193704314	3.600120544433594e-05	Parallel	
45	2.2222222222	10.0	4056759	-0.9193704314	8.7738037109375e-05	Parallel	
46	2.8571428571	10.0	2490995	-0.2844497964	6.794929504394531e-05	Parallel	
47	3.3333333333	10.0	3767697	0.1917406797	4.8160552978515625e-05	Parallel	
48	5.0	10.0	7027391	1.8584073464	5.316734313964844e-05	Parallel	
49	2.8571428571	10.0	5994090	-0.2844497964	5.2928924560546875e-05	Parallel	
50	3.3333333333	10.0	9269590	0.1917406797	6.914138793945312e-05	Parallel	
51	2.2222222222	10.0	9625729	-0.9193704314	5.698204040527344e-05	Parallel	
52	5.0	10.0	8787995	1.8584073464	4.7206878662109375e-05	Parallel	
53	5.0	10.0	9277839	1.8584073464	3.910064697265625e-05	Parallel	
54	4.0	10.0	8747149	0.8584073464	3.600120544433594e-05	Parallel	
55	4.0	10.0	4411728	0.8584073464	3.5762786865234375e-05	Parallel	
56	2.5	10.0	1347527	-0.6415926536	3.600120544433594e-05	Parallel	
57	4.0	10.0	933773	0.8584073464	3.5762786865234375e-05	Parallel	
58	2.8571428571	10.0	1725602	-0.2844497964	3.719329833984375e-05	Parallel	
59	2.8571428571	10.0	4271298	-0.2844497964	3.981590270996094e-05	Parallel	
60	2.2222222222	10.0	5084862	-0.9193704314	3.719329833984375e-05	Parallel	
61	2.8571428571	10.0	605533	-0.2844497964	3.600120544433594e-05	Parallel	
62	3.3333333333	10.0	1251957	0.1917406797	3.504753112792969e-05	Parallel	
63	2.5	10.0	2039923	-0.6415926536	3.62396240234375e-05	Parallel	
64	3.3333333333	10.0	9922577	0.1917406797	3.600120544433594e-05	Parallel	
65	4.0	10.0	6105118	0.8584073464	3.504753112792969e-05	Parallel	
66	3.3333333333	10.0	807664	0.1917406797	3.600120544433594e-05	Parallel	
67	2.8571428571	10.0	9467894	-0.2844497964	3.719329833984375e-05	Parallel	
68	6.6666666667	10.0	4606107	3.5250740131	3.600120544433594e-05	Parallel	
69	5.0	10.0	3651945	1.8584073464	3.600120544433594e-05	Parallel	
70	2.5	10.0	1107655	-0.6415926536	3.695487976074219e-05	Parallel	
71	2.2222222222	10.0	93558	-0.9193704314	3.5762786865234375e-05	Parallel	
72	5.0	10.0	2325623	1.8584073464	4.100799560546875e-05	Parallel	
73	3.3333333333	10.0	8172888	0.1917406797	3.981590270996094e-05	Parallel	
74	4.0	10.0	302640	0.8584073464	3.600120544433594e-05	Parallel	
75	4.0	10.0	620104	0.8584073464	3.695487976074219e-05	Parallel	
76	2.8571428571	10.0	9642880	-0.2844497964	3.600120544433594e-05	Parallel	
77	4.0	10.0	7724479	0.8584073464	3.790855407714844e-05	Parallel	
78	3.3333333333	10.0	3112660	0.1917406797	3.695487976074219e-05	Parallel	
79	3.3333333333	10.0	3920453	0.1917406797	3.62396240234375e-05	Parallel	
80	2.2222222222	10.0	3981025	-0.9193704314	3.504753112792969e-05	Parallel	
81	2.8571428571	10.0	7106220	-0.2844497964	3.600120544433594e-05	Parallel	
82	2.5	10.0	9205238	-0.6415926536	3.504753112792969e-05	Parallel	
83	3.3333333333	10.0	4635863	0.1917406797	3.600120544433594e-05	Parallel	
84	2.8571428571	10.0	9941620	-0.2844497964	3.600120544433594e-05	Parallel	
85	3.3333333333	10.0	2286324	0.1917406797	3.600120544433594e-05	Parallel	
86	3.3333333333	10.0	9411531	0.1917406797	3.695487976074219e-05	Parallel	
87	4.0	10.0	3781757	0.8584073464	3.5762786865234375e-05	Parallel	
88	3.3333333333	10.0	7727659	0.1917406797	3.600120544433594e-05	Parallel	
89	2.5	10.0	5311128	-0.6415926536	3.695487976074219e-05	Parallel	
90	2.2222222222	10.0	1361142	-0.9193704314	3.600120544433594e-05	Parallel	
91	2.5	10.0	4814579	-0.6415926536	3.719329833984375e-05	Parallel	
92	3.3333333333	10.0	4783515	0.1917406797	3.600120544433594e-05	Parallel	
93	3.3333333333	10.0	5091889	0.1917406797	3.600120544433594e-05	Parallel	
94	3.3333333333	10.0	2401473	0.1917406797	7.295608520507812e-05	Parallel	
95	4.0	10.0	8794012	0.8584073464	0.00011181831359863281	Parallel	
96	4.0	10.0	5042100	0.8584073464	4.00543212890625e-05	Parallel	
97	4.0	10.0	4759645	0.8584073464	3.6716461181640625e-05	Parallel	
98	2.8571428571	10.0	6024618	-0.2844497964	3.6716461181640625e-05	Parallel	
99	2.5	10.0	6286018	-0.6415926536	3.790855407714844e-05	Parallel	
100	2.8571428571	10.0	591235	-0.2844497964	8.702278137207031e-05	Parallel	
101	2.9850746269	100.0	1460634	-0.1565180267	0.00042176246643066406	Parallel	
102	3.3333333333	100.0	4341339	0.1917406797	0.000392913818359375	Parallel	
103	3.5714285714	100.0	111673	0.4298359178	0.0003688335418701172	Parallel	
104	3.1746031746	100.0	1460103	0.033010521	0.0003509521484375	Parallel	
105	2.7777777778	100.0	5643433	-0.3638148758	0.0003440380096435547	Parallel	
106	3.1746031746	100.0	5335962	0.033010521	0.00033283233642578125	Parallel	
107	2.9411764706	100.0	2084665	-0.200416183	0.00031280517578125	Parallel	
108	2.8571428571	100.0	7706594	-0.2844497964	0.0003108978271484375	Parallel	
109	3.3898305085	100.0	107377	0.2482378549	0.00031280517578125	Parallel	
110	3.5714285714	100.0	988781	0.4298359178	0.00031304359436035156	Parallel	
111	2.8169014085	100.0	5746295	-0.3246912451	0.0003757476806640625	Parallel	
112	3.7735849057	100.0	592034	0.6319922521	0.0003287792205810547	Parallel	
113	3.3898305085	100.0	2324681	0.2482378549	0.0003170967102050781	Parallel	
114	3.125	100.0	9640757	-0.0165926536	0.0005853176116943359	Parallel	
115	3.2786885246	100.0	9883807	0.137095871	0.0005602836608886719	Parallel	
116	2.8571428571	100.0	4653114	-0.2844497964	0.0005109310150146484	Parallel	
117	3.0303030303	100.0	5778107	-0.1112896233	0.0003898143768310547	Parallel	
118	3.125	100.0	422923	-0.0165926536	0.0003917217254638672	Parallel	
119	2.9850746269	100.0	9892858	-0.1565180267	0.00038886070251464844	Parallel	
120	3.5714285714	100.0	7697303	0.4298359178	0.0003159046173095703	Parallel	
121	3.125	100.0	8083411	-0.0165926536	0.0003566741943359375	Parallel	
122	3.1746031746	100.0	4483347	0.033010521	0.0004749298095703125	Parallel	
123	3.3898305085	100.0	4710680	0.2482378549	0.0004329681396484375	Parallel	
124	2.9850746269	100.0	8721887	-0.1565180267	0.0004029273986816406	Parallel	
125	3.0769230769	100.0	9749916	-0.0646695767	0.0003619194030761719	Parallel	
126	3.5714285714	100.0	6899563	0.4298359178	0.0004889965057373047	Parallel	
127	2.8985507246	100.0	3720655	-0.243041929	0.0004630088806152344	Parallel	
128	2.9411764706	100.0	6911959	-0.200416183	0.0003502368927001953	Parallel	
129	3.4482758621	100.0	8973400	0.3066832085	0.00040912628173828125	Parallel	
130	2.8571428571	100.0	404720	-0.2844497964	0.00039315223693847656	Parallel	
131	3.3898305085	100.0	8317960	0.2482378549	0.0003559589385986328	Parallel	
132	3.2258064516	100.0	976468	0.084213798	0.00036215782165527344	Parallel	
133	2.9411764706	100.0	838682	-0.200416183	0.00039005279541015625	Parallel	
134	3.1746031746	100.0	7768475	0.033010521	0.00031304359436035156	Parallel	
135	3.1746031746	100.0	9280370	0.033010521	0.00035190582275390625	Parallel	
136	3.2258064516	100.0	8441729	0.084213798	0.0003190040588378906	Parallel	
137	2.8985507246	100.0	7825115	-0.243041929	0.0005462169647216797	Parallel	
138	2.9411764706	100.0	3623208	-0.200416183	0.00039315223693847656	Parallel	
139	3.0769230769	100.0	6076783	-0.0646695767	0.0006480216979980469	Parallel	
140	3.3333333333	100.0	7715954	0.1917406797	0.0006430149078369141	Parallel	
141	3.1746031746	100.0	2803846	0.033010521	0.0005650520324707031	Parallel	
142	3.0769230769	100.0	139560	-0.0646695767	0.0003159046173095703	Parallel	
143	3.0303030303	100.0	6029066	-0.1112896233	0.0003101825714111328	Parallel	
144	3.5714285714	100.0	992577	0.4298359178	0.0003788471221923828	Parallel	
145	3.6363636364	100.0	3902854	0.4947709828	0.00031876564025878906	Parallel	
146	2.9411764706	100.0	5742371	-0.200416183	0.0003151893615722656	Parallel	
147	3.0303030303	100.0	2224078	-0.1112896233	0.00031280517578125	Parallel	
148	3.0769230769	100.0	3466962	-0.0646695767	0.00031495094299316406	Parallel	
149	2.9850746269	100.0	3867225	-0.1565180267	0.00031375885009765625	Parallel	
150	3.2258064516	100.0	9442724	0.084213798	0.00031375885009765625	Parallel	
151	3.0769230769	100.0	682753	-0.0646695767	0.0003139972686767578	Parallel	
152	3.125	100.0	9597720	-0.0165926536	0.00031304359436035156	Parallel	
153	3.2258064516	100.0	4609943	0.084213798	0.00031495094299316406	Parallel	
154	3.5087719298	100.0	5211915	0.3671792762	0.0003120899200439453	Parallel	
155	3.2786885246	100.0	2928439	0.137095871	0.0003190040588378906	Parallel	
156	3.5714285714	100.0	4851547	0.4298359178	0.0003159046173095703	Parallel	
157	3.1746031746	100.0	2584112	0.033010521	0.0003161430358886719	Parallel	
158	3.5087719298	100.0	6225648	0.3671792762	0.0003190040588378906	Parallel	
159	3.0769230769	100.0	1807371	-0.0646695767	0.00031280517578125	Parallel	
160	2.9850746269	100.0	7112999	-0.1565180267	0.00031685829162597656	Parallel	
161	4.2553191489	100.0	5215839	1.1137264953	0.00031685829162597656	Parallel	
162	2.6666666667	100.0	7031681	-0.4749259869	0.0003159046173095703	Parallel	
163	2.9850746269	100.0	5970942	-0.1565180267	0.00031280517578125	Parallel	
164	3.7037037037	100.0	9864355	0.5621110501	0.0003159046173095703	Parallel	
165	2.8985507246	100.0	1091783	-0.243041929	0.0003173351287841797	Parallel	
166	3.5087719298	100.0	6942958	0.3671792762	0.0003418922424316406	Parallel	
167	3.125	100.0	3913542	-0.0165926536	0.000370025634765625	Parallel	
168	2.9411764706	100.0	7852165	-0.200416183	0.00036907196044921875	Parallel	
169	3.0769230769	100.0	164039	-0.0646695767	0.0003459453582763672	Parallel	
170	2.9411764706	100.0	4791526	-0.200416183	0.00046181678771972656	Parallel	
171	2.8571428571	100.0	2051910	-0.2844497964	0.0006949901580810547	Parallel	
172	3.1746031746	100.0	4486551	0.033010521	0.0008518695831298828	Parallel	
173	2.9850746269	100.0	6642057	-0.1565180267	0.0006511211395263672	Parallel	
174	3.2258064516	100.0	1338737	0.084213798	0.0007002353668212891	Parallel	
175	3.1746031746	100.0	661578	0.033010521	0.0006108283996582031	Parallel	
176	2.8985507246	100.0	198021	-0.243041929	0.0005700588226318359	Parallel	
177	3.4482758621	100.0	1147331	0.3066832085	0.0005478858947753906	Parallel	
178	3.1746031746	100.0	9207338	0.033010521	0.0005900859832763672	Parallel	
179	3.0769230769	100.0	1161467	-0.0646695767	0.0006520748138427734	Parallel	
180	3.0769230769	100.0	1650856	-0.0646695767	0.0006687641143798828	Parallel	
181	3.0769230769	100.0	7884065	-0.0646695767	0.0005781650543212891	Parallel	
182	3.1746031746	100.0	522785	0.033010521	0.0005319118499755859	Parallel	
183	3.125	100.0	9102893	-0.0165926536	0.0003609657287597656	Parallel	
184	3.9215686275	100.0	65780	0.7799759739	0.00031685829162597656	Parallel	
185	3.2258064516	100.0	7185302	0.084213798	0.0003151893615722656	Parallel	
186	3.2258064516	100.0	1714458	0.084213798	0.0003151893615722656	Parallel	
187	2.8169014085	100.0	6805741	-0.3246912451	0.00031113624572753906	Parallel	
188	3.125	100.0	1591815	-0.0165926536	0.0003120899200439453	Parallel	
189	2.9411764706	100.0	7449400	-0.200416183	0.0003142356872558594	Parallel	
190	3.2258064516	100.0	5338532	0.084213798	0.0003190040588378906	Parallel	
191	3.2786885246	100.0	4309575	0.137095871	0.0003142356872558594	Parallel	
192	3.3898305085	100.0	2936467	0.2482378549	0.00031280517578125	Parallel	
193	2.9850746269	100.0	6145022	-0.1565180267	0.0003211498260498047	Parallel	
194	3.3898305085	100.0	6997592	0.2482378549	0.0003161430358886719	Parallel	
195	3.7037037037	100.0	6901422	0.5621110501	0.0003142356872558594	Parallel	
196	3.0303030303	100.0	7641314	-0.1112896233	0.00031185150146484375	Parallel	
197	3.1746031746	100.0	7583606	0.033010521	0.00031304359436035156	Parallel	
198	2.9411764706	100.0	9522368	-0.200416183	0.00030994415283203125	Parallel	
199	2.9411764706	100.0	8710503	-0.200416183	0.0003120899200439453	Parallel	
200	4.347826087	100.0	1509404	1.2062334334	0.0003151893615722656	Parallel	
201	2.9411764706	100.0	9879138	-0.200416183	0.0004200935363769531	Parallel	
202	3.1104199067	1000.0	9414639	-0.0311727469	0.0030930042266845703	Parallel	
203	3.0816640986	1000.0	4529914	-0.059928555	0.003136157989501953	Parallel	
204	3.0816640986	1000.0	1061044	-0.059928555	0.003938198089599609	Parallel	
205	3.164556962	1000.0	8293912	0.0229643084	0.004029273986816406	Parallel	
206	3.2102728732	1000.0	153717	0.0686802196	0.004040241241455078	Parallel	
207	3.0441400304	1000.0	2891005	-0.0974526231	0.003858804702758789	Parallel	
208	3.1007751938	1000.0	487598	-0.0408174598	0.003831624984741211	Parallel	
209	3.164556962	1000.0	7479615	0.0229643084	0.0036318302154541016	Parallel	
210	3.2258064516	1000.0	8736694	0.084213798	0.003595113754272461	Parallel	
211	3.1847133758	1000.0	7088337	0.0431207222	0.0051610469818115234	Parallel	
212	3.1545741325	1000.0	9651166	0.0129814789	0.003840923309326172	Parallel	
213	3.1446540881	1000.0	7087135	0.0030614345	0.0031232833862304688	Parallel	
214	3.2840722496	1000.0	4178207	0.142479596	0.003136873245239258	Parallel	
215	3.0627871363	1000.0	8034220	-0.0788055173	0.0032067298889160156	Parallel	
216	3.2310177706	1000.0	658305	0.089425117	0.005172014236450195	Parallel	
217	3.120124805	1000.0	4227650	-0.0214678486	0.0043909549713134766	Parallel	
218	3.1595576619	1000.0	6838549	0.0179650083	0.005847930908203125	Parallel	
219	3.1695721078	1000.0	4022370	0.0279794542	0.006072998046875	Parallel	
220	3.1695721078	1000.0	8176478	0.0279794542	0.003854036331176758	Parallel	
221	3.1948881789	1000.0	4889063	0.0532955253	0.0033483505249023438	Parallel	
222	3.2362459547	1000.0	9930319	0.0946533011	0.003185272216796875	Parallel	
223	3.120124805	1000.0	9522259	-0.0214678486	0.0035707950592041016	Parallel	
224	3.1695721078	1000.0	344205	0.0279794542	0.003426074981689453	Parallel	
225	3.2840722496	1000.0	2285912	0.142479596	0.0036668777465820312	Parallel	
226	3.1948881789	1000.0	7768819	0.0532955253	0.0037517547607421875	Parallel	
227	3.1397174254	1000.0	5326154	-0.0018752282	0.004087924957275391	Parallel	
228	3.0211480363	1000.0	1175900	-0.1204446173	0.0030951499938964844	Parallel	
229	3.0165912519	1000.0	6653962	-0.1250014017	0.0064618587493896484	Parallel	
230	3.0211480363	1000.0	7641358	-0.1204446173	0.0033321380615234375	Parallel	
231	3.2051282051	1000.0	8514565	0.0635355515	0.0035741329193115234	Parallel	
232	3.1595576619	1000.0	6144548	0.0179650083	0.003190755844116211	Parallel	
233	3.1746031746	1000.0	6416289	0.033010521	0.003144979476928711	Parallel	
234	3.1446540881	1000.0	1479020	0.0030614345	0.003134012222290039	Parallel	
235	3.0959752322	1000.0	2720271	-0.0456174214	0.0031280517578125	Parallel	
236	3.1397174254	1000.0	1597982	-0.0018752282	0.0033409595489501953	Parallel	
237	3.1847133758	1000.0	263531	0.0431207222	0.0054149627685546875	Parallel	
238	3.2051282051	1000.0	2666152	0.0635355515	0.0034608840942382812	Parallel	
239	3.2258064516	1000.0	4662678	0.084213798	0.0033562183380126953	Parallel	
240	3.0911901082	1000.0	6192887	-0.0504025454	0.0033159255981445312	Parallel	
241	3.2	1000.0	4227869	0.0584073464	0.003242969512939453	Parallel	
242	3.0487804878	1000.0	5335049	-0.0928121658	0.0031480789184570312	Parallel	
243	3.1347962382	1000.0	7727562	-0.0067964153	0.003258228302001953	Parallel	
244	3.0303030303	1000.0	6786853	-0.1112896233	0.003175020217895508	Parallel	
245	3.2	1000.0	2876471	0.0584073464	0.003340005874633789	Parallel	
246	3.0257186082	1000.0	1622651	-0.1158740454	0.003328084945678711	Parallel	
247	3.2102728732	1000.0	5829916	0.0686802196	0.0031468868255615234	Parallel	
248	3.2	1000.0	1266634	0.0584073464	0.003155231475830078	Parallel	
249	3.1545741325	1000.0	6834182	0.0129814789	0.0040318965911865234	Parallel	
250	3.2258064516	1000.0	4573981	0.084213798	0.005815029144287109	Parallel	
251	3.1847133758	1000.0	3960634	0.0431207222	0.004458904266357422	Parallel	
252	3.0959752322	1000.0	9858113	-0.0456174214	0.003899097442626953	Parallel	
253	3.1545741325	1000.0	7547509	0.0129814789	0.0036649703979492188	Parallel	
254	3.3167495854	1000.0	4953596	0.1751569318	0.0034008026123046875	Parallel	
255	3.164556962	1000.0	1762995	0.0229643084	0.0031011104583740234	Parallel	
256	3.2310177706	1000.0	181845	0.089425117	0.0030820369720458984	Parallel	
257	3.125	1000.0	1992348	-0.0165926536	0.0030889511108398438	Parallel	
258	3.1796502385	1000.0	4805342	0.0380575849	0.0030198097229003906	Parallel	
259	3.1796502385	1000.0	3846364	0.0380575849	0.003038167953491211	Parallel	
260	3.1152647975	1000.0	9142754	-0.0263278561	0.003045797348022461	Parallel	
261	2.9985007496	1000.0	3153982	-0.143091904	0.003008127212524414	Parallel	
262	3.1298904538	1000.0	3503854	-0.0117021998	0.00302886962890625	Parallel	
263	3.1104199067	1000.0	5515905	-0.0311727469	0.003299236297607422	Parallel	
264	3.2573289902	1000.0	6882645	0.1157363366	0.0030608177185058594	Parallel	
265	3.1545741325	1000.0	9003499	0.0129814789	0.003072023391723633	Parallel	
266	3.0769230769	1000.0	2288596	-0.0646695767	0.003231048583984375	Parallel	
267	3.1152647975	1000.0	3140444	-0.0263278561	0.0032320022583007812	Parallel	
268	3.1545741325	1000.0	7349335	0.0129814789	0.0030670166015625	Parallel	
269	3.2414910859	1000.0	5070884	0.0998984323	0.0030891895294189453	Parallel	
270	3.0395136778	1000.0	2304824	-0.1020789758	0.0030510425567626953	Parallel	
271	3.2362459547	1000.0	2210347	0.0946533011	0.003041982650756836	Parallel	
272	3.1152647975	1000.0	4075002	-0.0263278561	0.003015756607055664	Parallel	
273	3.125	1000.0	7206827	-0.0165926536	0.0030417442321777344	Parallel	
274	3.1796502385	1000.0	6831473	0.0380575849	0.0030417442321777344	Parallel	
275	3.1446540881	1000.0	8367087	0.0030614345	0.0030388832092285156	Parallel	
276	3.2258064516	1000.0	5299559	0.084213798	0.00304412841796875	Parallel	
277	3.0120481928	1000.0	9767733	-0.1295444608	0.003063678741455078	Parallel	
278	3.1847133758	1000.0	3654491	0.0431207222	0.003895998001098633	Parallel	
279	3.2051282051	1000.0	3481381	0.0635355515	0.0036678314208984375	Parallel	
280	3.2102728732	1000.0	5836409	0.0686802196	0.003614187240600586	Parallel	
281	3.1446540881	1000.0	132501	0.0030614345	0.0031311511993408203	Parallel	
282	3.164556962	1000.0	2181912	0.0229643084	0.0031337738037109375	Parallel	
283	3.1695721078	1000.0	3287903	0.0279794542	0.0031538009643554688	Parallel	
284	3.1496062992	1000.0	8076256	0.0080136456	0.0031328201293945312	Parallel	
285	3.1948881789	1000.0	4880223	0.0532955253	0.0031599998474121094	Parallel	
286	3.1347962382	1000.0	3985759	-0.0067964153	0.0031249523162841797	Parallel	
287	3.0395136778	1000.0	2923506	-0.1020789758	0.003103017807006836	Parallel	
288	3.0911901082	1000.0	7547733	-0.0504025454	0.0031998157501220703	Parallel	
289	3.2362459547	1000.0	2692658	0.0946533011	0.003111124038696289	Parallel	
290	3.1104199067	1000.0	4210576	-0.0311727469	0.0031087398529052734	Parallel	
291	3.1897926635	1000.0	6552593	0.0482000099	0.0031080245971679688	Parallel	
292	3.2786885246	1000.0	3958208	0.137095871	0.003088712692260742	Parallel	
293	3.2414910859	1000.0	8721476	0.0998984323	0.003125429153442383	Parallel	
294	3.1298904538	1000.0	3938689	-0.0117021998	0.004102945327758789	Parallel	
295	3.2573289902	1000.0	4429228	0.1157363366	0.004113912582397461	Parallel	
296	3.1104199067	1000.0	850699	-0.0311727469	0.003607034683227539	Parallel	
297	3.3333333333	1000.0	5659565	0.1917406797	0.003961086273193359	Parallel	
298	3.0581039755	1000.0	9162033	-0.0834886781	0.0036580562591552734	Parallel	
299	3.1847133758	1000.0	6677145	0.0431207222	0.003748178482055664	Parallel	
300	3.1595576619	1000.0	1519174	0.0179650083	0.005159854888916016	Parallel	
301	3.164556962	1000.0	5944176	0.0229643084	0.0043718814849853516	Parallel	
302	3.2051282051	1000.0	7118396	0.0635355515	0.0040988922119140625	Parallel	
303	3.162055336	10000.0	5965963	0.0204626824	0.03631997108459473	Parallel	
304	3.137254902	10000.0	7362558	-0.0043377516	0.03168082237243652	Parallel	
305	3.1610557926	10000.0	1372064	0.019463139	0.031913042068481445	Parallel	
306	3.1416902293	10000.0	8865276	9.75758e-05	0.03123784065246582	Parallel	
307	3.1289111389	10000.0	4866358	-0.0126815147	0.03119683265686035	Parallel	
308	3.1343049679	10000.0	3765002	-0.0072876857	0.031333208084106445	Parallel	
309	3.1065548307	10000.0	4397552	-0.0350378229	0.034049034118652344	Parallel	
310	3.0959752322	10000.0	6716936	-0.0456174214	0.035188913345336914	Parallel	
311	3.1269543465	10000.0	6692914	-0.0146383071	0.03319692611694336	Parallel	
312	3.1550717779	10000.0	5573906	0.0134791243	0.04394698143005371	Parallel	
313	3.1274433151	10000.0	772471	-0.0141493385	0.056298017501831055	Parallel	
314	3.1640563202	10000.0	829096	0.0224636666	0.05005598068237305	Parallel	
315	3.1392246115	10000.0	4070331	-0.0023680421	0.04071617126464844	Parallel	
316	3.1142946123	10000.0	5159840	-0.0272980413	0.0322422981262207	Parallel	
317	3.1625553447	10000.0	1182200	0.0209626911	0.03696608543395996	Parallel	
318	3.1610557926	10000.0	2113269	0.019463139	0.03150796890258789	Parallel	
319	3.1352876626	10000.0	2264959	-0.0063049909	0.042481184005737305	Parallel	
320	3.1525851198	10000.0	2148789	0.0109924662	0.03665900230407715	Parallel	
321	3.1640563202	10000.0	1100204	0.0224636666	0.03796887397766113	Parallel	
322	3.1220730565	10000.0	2807076	-0.0195195971	0.03641533851623535	Parallel	
323	3.1510950055	10000.0	8905282	0.0095023519	0.03492307662963867	Parallel	
324	3.1123560535	10000.0	4490863	-0.0292366001	0.032913923263549805	Parallel	
325	3.1481189989	10000.0	2643451	0.0065263453	0.0355379581451416	Parallel	
326	3.1938677739	10000.0	2143648	0.0522751203	0.0462641716003418	Parallel	
327	3.137254902	10000.0	2205126	-0.0043377516	0.03348684310913086	Parallel	
328	3.137254902	10000.0	5811012	-0.0043377516	0.035256147384643555	Parallel	
329	3.1284217112	10000.0	3275541	-0.0131709423	0.042845964431762695	Parallel	
330	3.1343049679	10000.0	1024865	-0.0072876857	0.036356210708618164	Parallel	
331	3.1761156106	10000.0	6194151	0.034522957	0.031022071838378906	Parallel	
332	3.1715826197	10000.0	5925574	0.0299899661	0.03646278381347656	Parallel	
333	3.125	10000.0	4443692	-0.0165926536	0.03602099418640137	Parallel	
334	3.0954960532	10000.0	7995996	-0.0460966003	0.030598878860473633	Parallel	
335	3.1269543465	10000.0	4569080	-0.0146383071	0.03815603256225586	Parallel	
336	3.1565656566	10000.0	3244231	0.014973003	0.03345799446105957	Parallel	
337	3.1407035176	10000.0	5296154	-0.000889136	0.031327009201049805	Parallel	
338	3.1377470976	10000.0	1035596	-0.003845556	0.03211522102355957	Parallel	
339	3.1387319523	10000.0	9503681	-0.0028607013	0.037407875061035156	Parallel	
340	3.1441597233	10000.0	5319907	0.0025670697	0.03119802474975586	Parallel	
341	3.1892840057	10000.0	525854	0.0476913522	0.03241896629333496	Parallel	
342	3.0969340353	10000.0	4314085	-0.0446586183	0.03121495246887207	Parallel	
343	3.1836994588	10000.0	9113407	0.0421068052	0.030837059020996094	Parallel	
344	3.1152647975	10000.0	8138890	-0.0263278561	0.03461408615112305	Parallel	
345	3.1496062992	10000.0	8197221	0.0080136456	0.03754591941833496	Parallel	
346	3.141196796	10000.0	1525163	-0.0003958576	0.031286001205444336	Parallel	
347	3.1640563202	10000.0	6948490	0.0224636666	0.0407259464263916	Parallel	
348	3.1181789835	10000.0	9469722	-0.0234136701	0.03288769721984863	Parallel	
349	3.1099362463	10000.0	7190840	-0.0316564073	0.034110307693481445	Parallel	
350	3.1012560087	10000.0	1772268	-0.0403366449	0.03693199157714844	Parallel	
351	3.143665514	10000.0	4383385	0.0020728604	0.031614065170288086	Parallel	
352	3.1580609506	10000.0	269740	0.016468297	0.035523176193237305	Parallel	
353	3.1089693767	10000.0	9990978	-0.0326232769	0.03139805793762207	Parallel	
354	3.1670625495	10000.0	3405719	0.0254698959	0.03437685966491699	Parallel	
355	3.1710797527	10000.0	4783324	0.0294870991	0.0325319766998291	Parallel	
356	3.1685678074	10000.0	864870	0.0269751538	0.03230023384094238	Parallel	
357	3.2092426187	10000.0	4570475	0.0676499652	0.03509688377380371	Parallel	
358	3.1338138515	10000.0	9030718	-0.0077788021	0.03648734092712402	Parallel	
359	3.1254883576	10000.0	467556	-0.016104296	0.03252410888671875	Parallel	
360	3.1367628607	10000.0	9675099	-0.0048297929	0.03546404838562012	Parallel	
361	3.0974136596	10000.0	7925154	-0.044178994	0.03715682029724121	Parallel	
362	3.1994880819	10000.0	2326237	0.0578954283	0.03593325614929199	Parallel	
363	3.1520882585	10000.0	5620396	0.0104956049	0.038704872131347656	Parallel	
364	3.1421838178	10000.0	1289477	0.0005911642	0.032376766204833984	Parallel	
365	3.162055336	10000.0	3598727	0.0204626824	0.03177189826965332	Parallel	
366	3.137254902	10000.0	9312538	-0.0043377516	0.03336286544799805	Parallel	
367	3.1031807603	10000.0	6575653	-0.0384118933	0.03425312042236328	Parallel	
368	3.1284217112	10000.0	7894813	-0.0131709423	0.03920626640319824	Parallel	
369	3.0864197531	10000.0	3748231	-0.0551729005	0.04110288619995117	Parallel	
370	3.1230480949	10000.0	3153905	-0.0185445586	0.03270387649536133	Parallel	
371	3.1610557926	10000.0	6877112	0.019463139	0.037175893783569336	Parallel	
372	3.1466331026	10000.0	612010	0.005040449	0.03167009353637695	Parallel	
373	3.14317146	10000.0	868479	0.0015788064	0.0355830192565918	Parallel	
374	3.1284217112	10000.0	1034435	-0.0131709423	0.03688192367553711	Parallel	
375	3.1456432841	10000.0	2345356	0.0040506305	0.03160381317138672	Parallel	
376	3.1680658958	10000.0	7024085	0.0264732422	0.037806034088134766	Parallel	
377	3.130870382	10000.0	8777428	-0.0107222716	0.0350947380065918	Parallel	
378	3.124511795	10000.0	6820144	-0.0170808586	0.03423595428466797	Parallel	
379	3.1392246115	10000.0	6709241	-0.0023680421	0.03968620300292969	Parallel	
380	3.1746031746	10000.0	330136	0.033010521	0.034342050552368164	Parallel	
381	3.1294007198	10000.0	5755857	-0.0121919338	0.034828901290893555	Parallel	
382	3.1274433151	10000.0	807914	-0.0141493385	0.03716683387756348	Parallel	
383	3.1570639305	10000.0	8908920	0.015471277	0.03630208969116211	Parallel	
384	3.1421838178	10000.0	2197725	0.0005911642	0.03545808792114258	Parallel	
385	3.1416902293	10000.0	7741565	9.75758e-05	0.03607010841369629	Parallel	
386	3.1575623619	10000.0	6240931	0.0159697083	0.037075042724609375	Parallel	
387	3.1630555116	10000.0	4706989	0.021462858	0.03222203254699707	Parallel	
388	3.1367628607	10000.0	4936566	-0.0048297929	0.03768801689147949	Parallel	
389	3.1590586005	10000.0	1727318	0.0174659469	0.03872203826904297	Parallel	
390	3.1984647369	10000.0	9705873	0.0568720833	0.03646397590637207	Parallel	
391	3.1595576619	10000.0	8409599	0.0179650083	0.032972097396850586	Parallel	
392	3.187250996	10000.0	6091541	0.0456583424	0.03437995910644531	Parallel	
393	3.14317146	10000.0	6531587	0.0015788064	0.03663301467895508	Parallel	
394	3.1625553447	10000.0	4541286	0.0209626911	0.03645896911621094	Parallel	
395	3.1382394477	10000.0	5044144	-0.0033532059	0.034494876861572266	Parallel	
396	3.1230480949	10000.0	8942907	-0.0185445586	0.030966997146606445	Parallel	
397	3.1289111389	10000.0	5379487	-0.0126815147	0.0379488468170166	Parallel	
398	3.1520882585	10000.0	8639972	0.0104956049	0.03102397918701172	Parallel	
399	3.1426775613	10000.0	526454	0.0010849077	0.03166794776916504	Parallel	
400	3.1471282455	10000.0	13442	0.0055355919	0.03790712356567383	Parallel	
401	3.1471282455	10000.0	3517963	0.0055355919	0.03144192695617676	Parallel	
402	3.119638122	10000.0	8607530	-0.0219545316	0.03588986396789551	Parallel	
403	3.141196796	10000.0	9956727	-0.0003958576	0.03831768035888672	Parallel	
404	3.1328811542	100000.0	1558728	-0.0087114994	0.35358309745788574	Parallel	
405	3.1415915303	100000.0	8342706	-1.1233e-06	0.3553907871246338	Parallel	
406	3.1522373004	100000.0	8016940	0.0106446468	0.34947705268859863	Parallel	
407	3.1458411979	100000.0	7032479	0.0042485443	0.34032487869262695	Parallel	
408	3.139273886	100000.0	8721579	-0.0023187676	0.34468507766723633	Parallel	
409	3.131409604	100000.0	2356952	-0.0101830496	0.35524415969848633	Parallel	
410	3.1412954703	100000.0	2913860	-0.0002971833	0.35674333572387695	Parallel	
411	3.136664471	100000.0	9529030	-0.0049281826	0.33134889602661133	Parallel	
412	3.1414434933	100000.0	158695	-0.0001491603	0.3268110752105713	Parallel	
413	3.1464845901	100000.0	7818827	0.0048919365	0.32942795753479004	Parallel	
414	3.1365660874	100000.0	2452169	-0.0050265661	0.33258700370788574	Parallel	
415	3.1388304718	100000.0	6819265	-0.0027621818	0.3323948383331299	Parallel	
416	3.1421838178	100000.0	8688084	0.0005911642	0.3309357166290283	Parallel	
417	3.1347471043	100000.0	8903076	-0.0068455493	0.3506040573120117	Parallel	
418	3.1391260673	100000.0	7195008	-0.0024665863	0.3417389392852783	Parallel	
419	3.1505986137	100000.0	2342548	0.0090059601	0.34558582305908203	Parallel	
420	3.156366391	100000.0	2348845	0.0147737374	0.3428828716278076	Parallel	
421	3.1405062496	100000.0	209743	-0.001086404	0.34748387336730957	Parallel	
422	3.1250976593	100000.0	6953246	-0.0164949943	0.33951497077941895	Parallel	
423	3.1376486461	100000.0	5734259	-0.0039440075	0.33654284477233887	Parallel	
424	3.1388304718	100000.0	2801360	-0.0027621818	0.3425610065460205	Parallel	
425	3.1444068863	100000.0	65985	0.0028142327	0.3352808952331543	Parallel	
426	3.1370088621	100000.0	2314559	-0.0045837915	0.33257198333740234	Parallel	
427	3.1393231619	100000.0	2826559	-0.0022694917	0.3579902648925781	Parallel	
428	3.1373041146	100000.0	520687	-0.004288539	0.33731985092163086	Parallel	
429	3.1456432841	100000.0	2844960	0.0040506305	0.33929991722106934	Parallel	
430	3.1469796862	100000.0	3107141	0.0053870327	0.3347179889678955	Parallel	
431	3.1450496918	100000.0	9404206	0.0034570382	0.33632588386535645	Parallel	
432	3.1310664412	100000.0	2507449	-0.0105262124	0.3320767879486084	Parallel	
433	3.1426281799	100000.0	2932437	0.0010355264	0.34547901153564453	Parallel	
434	3.1522869842	100000.0	2425357	0.0106943306	0.3495979309082031	Parallel	
435	3.1369596587	100000.0	6993217	-0.0046329949	0.33170199394226074	Parallel	
436	3.1490112105	100000.0	8426304	0.0074185569	0.335216760635376	Parallel	
437	3.1356809131	100000.0	218737	-0.0059117405	0.32454872131347656	Parallel	
438	3.1433196599	100000.0	8351308	0.0017270063	0.32416224479675293	Parallel	
439	3.1315566968	100000.0	1944481	-0.0100359568	0.3368098735809326	Parallel	
440	3.133617448	100000.0	820562	-0.0079752056	0.33013081550598145	Parallel	
441	3.134354088	100000.0	7782017	-0.0072385656	0.3362009525299072	Parallel	
442	3.1395202813	100000.0	6390725	-0.0020723723	0.3358626365661621	Parallel	
443	3.1399638904	100000.0	5060747	-0.0016287632	0.32819294929504395	Parallel	
444	3.1457422379	100000.0	2883031	0.0041495843	0.3438410758972168	Parallel	
445	3.1476235442	100000.0	1095519	0.0060308906	0.3245701789855957	Parallel	
446	3.1503008537	100000.0	1096990	0.0087082001	0.33747220039367676	Parallel	
447	3.1338138515	100000.0	1826825	-0.0077788021	0.32702016830444336	Parallel	
448	3.129988419	100000.0	9667326	-0.0116042345	0.33872222900390625	Parallel	
449	3.1301843679	100000.0	684751	-0.0114082857	0.32480311393737793	Parallel	
450	3.1340593904	100000.0	159972	-0.0075332632	0.355327844619751	Parallel	
451	3.1494575059	100000.0	8107027	0.0078648524	0.33898305892944336	Parallel	
452	3.1320961554	100000.0	4623571	-0.0094964982	0.3369929790496826	Parallel	
453	3.1471777683	100000.0	2577536	0.0055851147	0.3315558433532715	Parallel	
454	3.1407528385	100000.0	1822859	-0.0008398151	0.3342447280883789	Parallel	
455	3.1420850877	100000.0	5670210	0.0004924341	0.33165502548217773	Parallel	
456	3.1333719783	100000.0	9220468	-0.0082206753	0.3316190242767334	Parallel	
457	3.1422331851	100000.0	3778589	0.0006405315	0.33803606033325195	Parallel	
458	3.1472768187	100000.0	2937040	0.0056841651	0.34525489807128906	Parallel	
459	3.1384856807	100000.0	7134213	-0.0031069729	0.3438296318054199	Parallel	
460	3.1450002359	100000.0	5709529	0.0034075823	0.33547186851501465	Parallel	
461	3.1341576168	100000.0	6718026	-0.0074350368	0.3285386562347412	Parallel	
462	3.1402103941	100000.0	8381669	-0.0013822595	0.36829710006713867	Parallel	
463	3.1430232741	100000.0	7972882	0.0014306205	0.341015100479126	Parallel	
464	3.1334210691	100000.0	5034577	-0.0081715845	0.34662795066833496	Parallel	
465	3.1414928374	100000.0	1824724	-9.98162e-05	0.33752870559692383	Parallel	
466	3.1347962382	100000.0	3362125	-0.0067964153	0.3312497138977051	Parallel	
467	3.1425294219	100000.0	7391299	0.0009367683	0.33376193046569824	Parallel	
468	3.1450496918	100000.0	5773120	0.0034570382	0.33795714378356934	Parallel	
469	3.1303313456	100000.0	6132615	-0.011261308	0.3306539058685303	Parallel	
470	3.1358284075	100000.0	8031379	-0.0057642461	0.3264639377593994	Parallel	
471	3.15000315	100000.0	4223657	0.0084104964	0.3347361087799072	Parallel	
472	3.139569565	100000.0	9436242	-0.0020230886	0.33953046798706055	Parallel	
473	3.1387812113	100000.0	7013987	-0.0028114423	0.34857606887817383	Parallel	
474	3.1424306701	100000.0	8159549	0.0008380165	0.32308411598205566	Parallel	
475	3.1469301696	100000.0	9952373	0.005337516	0.350801944732666	Parallel	
476	3.1275411272	100000.0	9116026	-0.0140515264	0.3612089157104492	Parallel	
477	3.1404569365	100000.0	7773020	-0.0011357171	0.36035680770874023	Parallel	
478	3.1301843679	100000.0	4061603	-0.0114082857	0.3706166744232178	Parallel	
479	3.1517902168	100000.0	879356	0.0101975633	0.34555506706237793	Parallel	
480	3.1427269442	100000.0	2132088	0.0011342906	0.33974194526672363	Parallel	
481	3.1530821378	100000.0	1888113	0.0114894842	0.33939504623413086	Parallel	
482	3.1343049679	100000.0	1288673	-0.0072876857	0.35755205154418945	Parallel	
483	3.1460886253	100000.0	3493215	0.0044959717	0.3451972007751465	Parallel	
484	3.1466331026	100000.0	5466300	0.005040449	0.34394335746765137	Parallel	
485	3.1492095484	100000.0	543500	0.0076168948	0.36081671714782715	Parallel	
486	3.1447529797	100000.0	1195242	0.0031603261	0.34946680068969727	Parallel	
487	3.1441597233	100000.0	7118014	0.0025670697	0.348355770111084	Parallel	
488	3.1382394477	100000.0	4296213	-0.0033532059	0.34867215156555176	Parallel	
489	3.1336665465	100000.0	7437221	-0.007926107	0.3348078727722168	Parallel	
490	3.1402596995	100000.0	4882919	-0.0013329541	0.32921910285949707	Parallel	
491	3.1425294219	100000.0	3821007	0.0009367683	0.34209394454956055	Parallel	
492	3.1399145943	100000.0	5442429	-0.0016780593	0.34450721740722656	Parallel	
493	3.138633439	100000.0	1777967	-0.0029592146	0.34384584426879883	Parallel	
494	3.1397667153	100000.0	7283686	-0.0018259383	0.363018274307251	Parallel	
495	3.1457422379	100000.0	6239146	0.0041495843	0.3491628170013428	Parallel	
496	3.156366391	100000.0	4932770	0.0147737374	0.34047794342041016	Parallel	
497	3.132047106	100000.0	8846981	-0.0095455476	0.333996057510376	Parallel	
498	3.1427269442	100000.0	9612393	0.0011342906	0.3461880683898926	Parallel	
499	3.1408514848	100000.0	6045033	-0.0007411688	0.33370184898376465	Parallel	
500	3.1485650415	100000.0	6635328	0.0069723879	0.3313741683959961	Parallel	
501	3.15000315	100000.0	7684192	0.0084104964	0.340958833694458	Parallel	
502	3.1428751021	100000.0	6333601	0.0012824486	0.3497748374938965	Parallel	
503	3.1328811542	100000.0	801069	-0.0087114994	0.33959007263183594	Parallel	
504	3.1429738819	100000.0	8762212	0.0013812283	0.3391849994659424	Parallel	
