Experiment	Seed	Pi	Error	OFTol	Significant Figures:	ID	CntProbeLmt	CntProbe	IsCensored	RunTime	
Dart	8470901	3.1351351351	-0.0064574649	0.05	1	2	15625000000	37.0	False	8.96453857421875e-05	
Dart	2921610	3.0769230769	-0.0646695231	0.05	1	3	15625000000	13.0	False	3.6716461181640625e-05	
Dart	7568108	3.1111111111	-0.0304814889	0.05	1	4	15625000000	9.0	False	2.8848648071289062e-05	
Dart	4427901	3.0769230769	-0.0646695231	0.05	1	5	15625000000	13.0	False	3.600120544433594e-05	
Dart	4832973	3.0769230769	-0.0646695231	0.05	1	6	15625000000	13.0	False	3.528594970703125e-05	
Dart	3682162	3.1111111111	-0.0304814889	0.05	1	7	15625000000	54.0	False	0.00011801719665527344	
Dart	2634532	3.1111111111	-0.0304814889	0.05	1	8	15625000000	9.0	False	2.7894973754882812e-05	
Dart	4006678	3.1111111111	-0.0304814889	0.05	1	9	15625000000	9.0	False	2.765655517578125e-05	
Dart	8056575	3.1111111111	-0.0304814889	0.05	1	10	15625000000	9.0	False	3.0994415283203125e-05	
Dart	7743249	3.1490414348	0.0074488348	0.05	1	11	15625000000	1617.0	False	0.0033407211303710938	
Dart	2389778	3.0769230769	-0.0646695231	0.05	1	12	15625000000	13.0	False	3.790855407714844e-05	
Dart	2059687	3.1493758071	0.0077832071	0.05	1	13	15625000000	2323.0	False	0.004755973815917969	
Dart	3599864	3.1111111111	-0.0304814889	0.05	1	14	15625000000	9.0	False	2.956390380859375e-05	
Dart	6492174	3.0769230769	-0.0646695231	0.05	1	15	15625000000	13.0	False	3.62396240234375e-05	
Dart	3072524	3.1111111111	-0.0304814889	0.05	1	16	15625000000	9.0	False	2.8133392333984375e-05	
Dart	6926138	3.1111111111	-0.0304814889	0.05	1	17	15625000000	9.0	False	2.7894973754882812e-05	
Dart	379228	3.140625	-0.0009676	0.05	1	18	15625000000	256.0	False	0.0005159378051757812	
Dart	7170814	3.1111111111	-0.0304814889	0.05	1	19	15625000000	9.0	False	3.24249267578125e-05	
Dart	2744391	3.0769230769	-0.0646695231	0.05	1	20	15625000000	13.0	False	3.600120544433594e-05	
Dart	4243784	3.1111111111	-0.0304814889	0.05	1	21	15625000000	9.0	False	2.7894973754882812e-05	
Dart	3108392	3.1111111111	-0.0304814889	0.05	1	22	15625000000	9.0	False	2.7894973754882812e-05	
Dart	849226	3.1111111111	-0.0304814889	0.05	1	23	15625000000	9.0	False	2.765655517578125e-05	
Dart	4311353	3.1	-0.0415926	0.05	1	24	15625000000	40.0	False	9.34600830078125e-05	
Dart	6712780	3.0769230769	-0.0646695231	0.05	1	25	15625000000	13.0	False	3.552436828613281e-05	
Dart	8289892	3.1428571429	0.0012645429	0.05	1	26	15625000000	84.0	False	0.00018072128295898438	
Dart	3322027	3.1111111111	-0.0304814889	0.05	1	27	15625000000	27.0	False	6.842613220214844e-05	
Dart	8871937	3.1428571429	0.0012645429	0.05	1	28	15625000000	56.0	False	0.000125885009765625	
Dart	3458805	3.1428571429	0.0012645429	0.05	1	29	15625000000	14.0	False	3.838539123535156e-05	
Dart	7009336	3.1111111111	-0.0304814889	0.05	1	30	15625000000	9.0	False	4.506111145019531e-05	
Dart	5510848	3.1468531469	0.0052605469	0.05	1	31	15625000000	286.0	False	0.0005857944488525391	
Dart	4256857	3.1111111111	-0.0304814889	0.05	1	32	15625000000	9.0	False	2.7894973754882812e-05	
Dart	2247527	3.1498470948	0.0082544948	0.05	1	33	15625000000	1962.0	False	0.004054546356201172	
Dart	228354	3.1111111111	-0.0304814889	0.05	1	34	15625000000	9.0	False	3.075599670410156e-05	
Dart	9017381	3.1428571429	0.0012645429	0.05	1	35	15625000000	14.0	False	5.626678466796875e-05	
Dart	56047	3.0588235294	-0.0827690706	0.05	1	36	15625000000	17.0	False	4.38690185546875e-05	
Dart	8480938	3.1428571429	0.0012645429	0.05	1	37	15625000000	14.0	False	3.838539123535156e-05	
Dart	9019349	3.1111111111	-0.0304814889	0.05	1	38	15625000000	9.0	False	2.7418136596679688e-05	
Dart	7956165	3.1111111111	-0.0304814889	0.05	1	39	15625000000	18.0	False	4.5299530029296875e-05	
Dart	398651	3.1111111111	-0.0304814889	0.05	1	40	15625000000	9.0	False	3.170967102050781e-05	
Dart	379284	3.1111111111	-0.0304814889	0.05	1	41	15625000000	9.0	False	2.7179718017578125e-05	
Dart	4014695	3.1384615385	-0.0031310615	0.05	1	42	15625000000	65.0	False	0.00014090538024902344	
Dart	239938	3.0769230769	-0.0646695231	0.05	1	43	15625000000	13.0	False	4.100799560546875e-05	
Dart	4118466	3.1111111111	-0.0304814889	0.05	1	44	15625000000	9.0	False	2.8133392333984375e-05	
Dart	208715	3.0588235294	-0.0827690706	0.05	1	45	15625000000	68.0	False	0.00014209747314453125	
Dart	6582649	3.0769230769	-0.0646695231	0.05	1	46	15625000000	13.0	False	3.62396240234375e-05	
Dart	9189361	3.1428571429	0.0012645429	0.05	1	47	15625000000	14.0	False	3.790855407714844e-05	
Dart	2445078	3.1111111111	-0.0304814889	0.05	1	48	15625000000	9.0	False	2.7894973754882812e-05	
Dart	1268845	3.0769230769	-0.0646695231	0.05	1	49	15625000000	13.0	False	3.552436828613281e-05	
Dart	2488092	3.0857142857	-0.0558783143	0.05	1	50	15625000000	35.0	False	8.058547973632812e-05	
Dart	3043921	3.1498380924	0.0082454924	0.05	1	51	15625000000	6794.0	False	0.014118432998657227	
Dart	8463713	3.1111111111	-0.0304814889	0.05	1	52	15625000000	9.0	False	3.0517578125e-05	
Dart	8516132	3.1111111111	-0.0304814889	0.05	1	53	15625000000	9.0	False	3.147125244140625e-05	
Dart	2619400	3.1495016611	0.0079090611	0.05	1	54	15625000000	301.0	False	0.0006213188171386719	
Dart	7981960	3.1111111111	-0.0304814889	0.05	1	55	15625000000	27.0	False	6.508827209472656e-05	
Dart	8007930	3.1111111111	-0.0304814889	0.05	1	56	15625000000	9.0	False	2.765655517578125e-05	
Dart	2950123	3.0588235294	-0.0827690706	0.05	1	57	15625000000	17.0	False	4.792213439941406e-05	
Dart	4858487	3.1428571429	0.0012645429	0.05	1	58	15625000000	28.0	False	8.535385131835938e-05	
Dart	840136	3.0909090909	-0.0506835091	0.05	1	59	15625000000	22.0	False	5.6743621826171875e-05	
Dart	2847116	3.0526315789	-0.0889610211	0.05	1	60	15625000000	38.0	False	8.702278137207031e-05	
Dart	7338542	3.0666666667	-0.0749259333	0.05	1	61	15625000000	30.0	False	6.818771362304688e-05	
Dart	8124548	3.1111111111	-0.0304814889	0.05	1	62	15625000000	9.0	False	2.7894973754882812e-05	
Dart	476691	3.0769230769	-0.0646695231	0.05	1	63	15625000000	13.0	False	3.528594970703125e-05	
Dart	7873443	3.1111111111	-0.0304814889	0.05	1	64	15625000000	9.0	False	3.0279159545898438e-05	
Dart	7798632	3.1111111111	-0.0304814889	0.05	1	65	15625000000	9.0	False	2.8133392333984375e-05	
Dart	22980	3.0769230769	-0.0646695231	0.05	1	66	15625000000	13.0	False	3.5762786865234375e-05	
Dart	6028005	3.0505050505	-0.0910875495	0.05	1	67	15625000000	396.0	False	0.0007648468017578125	
Dart	8338840	3.0588235294	-0.0827690706	0.05	1	68	15625000000	17.0	False	5.3882598876953125e-05	
Dart	946219	3.0508474576	-0.0907451424	0.05	1	69	15625000000	118.0	False	0.00024127960205078125	
Dart	7000750	3.1428571429	0.0012645429	0.05	1	70	15625000000	14.0	False	3.790855407714844e-05	
Dart	487180	3.1111111111	-0.0304814889	0.05	1	71	15625000000	9.0	False	3.0517578125e-05	
Dart	4137939	3.0769230769	-0.0646695231	0.05	1	72	15625000000	13.0	False	3.5762786865234375e-05	
Dart	1791345	3.1111111111	-0.0304814889	0.05	1	73	15625000000	18.0	False	4.5299530029296875e-05	
Dart	9661132	3.1111111111	-0.0304814889	0.05	1	74	15625000000	9.0	False	2.765655517578125e-05	
Dart	184590	3.0769230769	-0.0646695231	0.05	1	75	15625000000	13.0	False	3.552436828613281e-05	
Dart	1774792	3.1111111111	-0.0304814889	0.05	1	76	15625000000	9.0	False	2.7179718017578125e-05	
Dart	8568538	3.1428571429	0.0012645429	0.05	1	77	15625000000	98.0	False	0.00020551681518554688	
Dart	4037343	3.1111111111	-0.0304814889	0.05	1	78	15625000000	9.0	False	2.7894973754882812e-05	
Dart	4339802	3.1484978541	0.0069052541	0.05	1	79	15625000000	1165.0	False	0.0024204254150390625	
Dart	1983348	3.0857142857	-0.0558783143	0.05	1	80	15625000000	35.0	False	8.034706115722656e-05	
Dart	825353	3.1111111111	-0.0304814889	0.05	1	81	15625000000	9.0	False	3.170967102050781e-05	
Dart	502346	3.1111111111	-0.0304814889	0.05	1	82	15625000000	9.0	False	2.7894973754882812e-05	
Dart	1660261	3.1111111111	-0.0304814889	0.05	1	83	15625000000	18.0	False	4.6253204345703125e-05	
Dart	7148881	3.0511627907	-0.0904298093	0.05	1	84	15625000000	215.0	False	0.00043320655822753906	
Dart	7043963	3.0769230769	-0.0646695231	0.05	1	85	15625000000	13.0	False	3.5762786865234375e-05	
Dart	8663937	3.0521327014	-0.0894598986	0.05	1	86	15625000000	211.0	False	0.00042748451232910156	
Dart	2892400	3.1111111111	-0.0304814889	0.05	1	87	15625000000	9.0	False	3.7670135498046875e-05	
Dart	3390017	3.1428571429	0.0012645429	0.05	1	88	15625000000	14.0	False	3.886222839355469e-05	
Dart	4611422	3.1428571429	0.0012645429	0.05	1	89	15625000000	28.0	False	6.580352783203125e-05	
Dart	5939740	3.0769230769	-0.0646695231	0.05	1	90	15625000000	13.0	False	3.62396240234375e-05	
Dart	4948847	3.0769230769	-0.0646695231	0.05	1	91	15625000000	13.0	False	3.552436828613281e-05	
Dart	4066318	3.0588235294	-0.0827690706	0.05	1	92	15625000000	34.0	False	7.605552673339844e-05	
Dart	1194196	3.1489361702	0.0073435702	0.05	1	93	15625000000	329.0	False	0.0006721019744873047	
Dart	2827410	3.0769230769	-0.0646695231	0.05	1	94	15625000000	13.0	False	3.600120544433594e-05	
Dart	9920127	3.1304347826	-0.0111578174	0.05	1	95	15625000000	23.0	False	5.6743621826171875e-05	
Dart	528541	3.0588235294	-0.0827690706	0.05	1	96	15625000000	17.0	False	4.458427429199219e-05	
Dart	7325710	3.1111111111	-0.0304814889	0.05	1	97	15625000000	9.0	False	2.765655517578125e-05	
Dart	2702675	3.0588235294	-0.0827690706	0.05	1	98	15625000000	51.0	False	0.00010895729064941406	
Dart	2223959	3.0769230769	-0.0646695231	0.05	1	99	15625000000	13.0	False	3.647804260253906e-05	
Dart	5888501	3.1428571429	0.0012645429	0.05	1	100	15625000000	28.0	False	6.651878356933594e-05	
Dart	3138976	3.1441860465	0.0025934465	0.005	2	101	15625000000	215.0	False	0.0004487037658691406	
Dart	7899554	3.1428571429	0.0012645429	0.005	2	102	15625000000	42.0	False	9.226799011230469e-05	
Dart	1082820	3.1428571429	0.0012645429	0.005	2	103	15625000000	28.0	False	6.437301635742188e-05	
Dart	3527229	3.1392405063	-0.0023520937	0.005	2	104	15625000000	79.0	False	0.00016570091247558594	
Dart	9144903	3.1428571429	0.0012645429	0.005	2	105	15625000000	14.0	False	3.790855407714844e-05	
Dart	8276934	3.1352380952	-0.0063545048	0.005	2	106	15625000000	1050.0	False	0.002099752426147461	
Dart	1132595	3.1428571429	0.0012645429	0.005	2	107	15625000000	28.0	False	6.771087646484375e-05	
Dart	6327607	3.1364764268	-0.0051161732	0.005	2	108	15625000000	403.0	False	0.00078582763671875	
Dart	135693	3.1428571429	0.0012645429	0.005	2	109	15625000000	14.0	False	4.291534423828125e-05	
Dart	520402	3.1351351351	-0.0064574649	0.005	2	110	15625000000	74.0	False	0.00015616416931152344	
Dart	5068823	3.1428571429	0.0012645429	0.005	2	111	15625000000	14.0	False	3.7670135498046875e-05	
Dart	4581709	3.1428571429	0.0012645429	0.005	2	112	15625000000	28.0	False	6.318092346191406e-05	
Dart	3275126	3.1428571429	0.0012645429	0.005	2	113	15625000000	14.0	False	3.743171691894531e-05	
Dart	6924152	3.1351351351	-0.0064574649	0.005	2	114	15625000000	37.0	False	8.034706115722656e-05	
Dart	4814727	3.1358024691	-0.0057901309	0.005	2	115	15625000000	162.0	False	0.0003211498260498047	
Dart	1677011	3.1351351351	-0.0064574649	0.005	2	116	15625000000	2405.0	False	0.004676342010498047	
Dart	7509596	3.1428571429	0.0012645429	0.005	2	117	15625000000	28.0	False	8.559226989746094e-05	
Dart	446312	3.1428571429	0.0012645429	0.005	2	118	15625000000	14.0	False	3.8623809814453125e-05	
Dart	5881060	3.1363636364	-0.0052289636	0.005	2	119	15625000000	528.0	False	0.0010333061218261719	
Dart	7515341	3.1358428805	-0.0057497195	0.005	2	120	15625000000	611.0	False	0.0011920928955078125	
Dart	1039251	3.1355932203	-0.0059993797	0.005	2	121	15625000000	236.0	False	0.0004668235778808594	
Dart	7723278	3.1428571429	0.0012645429	0.005	2	122	15625000000	56.0	False	0.00012040138244628906	
Dart	1423693	3.1428571429	0.0012645429	0.005	2	123	15625000000	14.0	False	3.743171691894531e-05	
Dart	9600308	3.1428571429	0.0012645429	0.005	2	124	15625000000	14.0	False	3.743171691894531e-05	
Dart	5966383	3.1428571429	0.0012645429	0.005	2	125	15625000000	70.0	False	0.00014352798461914062	
Dart	1282030	3.1428571429	0.0012645429	0.005	2	126	15625000000	84.0	False	0.0001728534698486328	
Dart	226338	3.1365638767	-0.0050287233	0.005	2	127	15625000000	227.0	False	0.0007030963897705078	
Dart	1950160	3.1401869159	-0.0014056841	0.005	2	128	15625000000	107.0	False	0.0002186298370361328	
Dart	1446756	3.1384615385	-0.0031310615	0.005	2	129	15625000000	65.0	False	0.0001399517059326172	
Dart	2735023	3.1428571429	0.0012645429	0.005	2	130	15625000000	14.0	False	3.743171691894531e-05	
Dart	6734109	3.1428571429	0.0012645429	0.005	2	131	15625000000	70.0	False	0.00014638900756835938	
Dart	8776242	3.1363636364	-0.0052289636	0.005	2	132	15625000000	176.0	False	0.00036263465881347656	
Dart	8467734	3.1428571429	0.0012645429	0.005	2	133	15625000000	14.0	False	3.814697265625e-05	
Dart	5261219	3.1428571429	0.0012645429	0.005	2	134	15625000000	28.0	False	6.389617919921875e-05	
Dart	7285958	3.1428571429	0.0012645429	0.005	2	135	15625000000	14.0	False	3.814697265625e-05	
Dart	9290221	3.1428571429	0.0012645429	0.005	2	136	15625000000	28.0	False	6.437301635742188e-05	
Dart	6147295	3.1350857143	-0.0065068857	0.005	2	137	15625000000	8750.0	False	0.018653154373168945	
Dart	8519406	3.1384615385	-0.0031310615	0.005	2	138	15625000000	65.0	False	0.0001423358917236328	
Dart	316619	3.1428571429	0.0012645429	0.005	2	139	15625000000	14.0	False	3.838539123535156e-05	
Dart	4117615	3.1428571429	0.0012645429	0.005	2	140	15625000000	28.0	False	6.437301635742188e-05	
Dart	7865816	3.1428571429	0.0012645429	0.005	2	141	15625000000	84.0	False	0.00017333030700683594	
Dart	4933367	3.1353251318	-0.0062674682	0.005	2	142	15625000000	1138.0	False	0.002301454544067383	
Dart	6084847	3.1428571429	0.0012645429	0.005	2	143	15625000000	14.0	False	3.9577484130859375e-05	
Dart	6212516	3.1416309013	3.83013e-05	0.005	2	144	15625000000	233.0	False	0.0004956722259521484	
Dart	6590322	3.1351351351	-0.0064574649	0.005	2	145	15625000000	222.0	False	0.0004532337188720703	
Dart	9587185	3.1428571429	0.0012645429	0.005	2	146	15625000000	126.0	False	0.00026035308837890625	
Dart	1107722	3.1428571429	0.0012645429	0.005	2	147	15625000000	28.0	False	6.508827209472656e-05	
Dart	6312294	3.1351351351	-0.0064574649	0.005	2	148	15625000000	185.0	False	0.0003666877746582031	
Dart	9160048	3.1428571429	0.0012645429	0.005	2	149	15625000000	98.0	False	0.0001976490020751953	
Dart	5727556	3.1443850267	0.0027924267	0.005	2	150	15625000000	187.0	False	0.0003848075866699219	
Dart	4067159	3.1366906475	-0.0049019525	0.005	2	151	15625000000	139.0	False	0.0002865791320800781	
Dart	4511898	3.1368421053	-0.0047504947	0.005	2	152	15625000000	190.0	False	0.00037169456481933594	
Dart	9059663	3.1428571429	0.0012645429	0.005	2	153	15625000000	28.0	False	6.461143493652344e-05	
Dart	2428422	3.137254902	-0.004337698	0.005	2	154	15625000000	51.0	False	0.0001087188720703125	
Dart	5026029	3.1375464684	-0.0040461316	0.005	2	155	15625000000	269.0	False	0.0007138252258300781	
Dart	6809611	3.1428571429	0.0012645429	0.005	2	156	15625000000	28.0	False	6.842613220214844e-05	
Dart	4151190	3.138121547	-0.003471053	0.005	2	157	15625000000	181.0	False	0.0003712177276611328	
Dart	3619239	3.1368421053	-0.0047504947	0.005	2	158	15625000000	190.0	False	0.00039005279541015625	
Dart	8543663	3.1428571429	0.0012645429	0.005	2	159	15625000000	28.0	False	6.461143493652344e-05	
Dart	1569359	3.1449314985	0.0033388985	0.005	2	160	15625000000	32919.0	False	0.06881952285766602	
Dart	47382	3.1351351351	-0.0064574649	0.005	2	161	15625000000	37.0	False	8.58306884765625e-05	
Dart	4300158	3.1379310345	-0.0036615655	0.005	2	162	15625000000	116.0	False	0.00023984909057617188	
Dart	4766005	3.1428571429	0.0012645429	0.005	2	163	15625000000	14.0	False	6.222724914550781e-05	
Dart	3503634	3.1428571429	0.0012645429	0.005	2	164	15625000000	28.0	False	6.771087646484375e-05	
Dart	7079487	3.1428571429	0.0012645429	0.005	2	165	15625000000	14.0	False	3.886222839355469e-05	
Dart	3372775	3.137254902	-0.004337698	0.005	2	166	15625000000	51.0	False	0.00010943412780761719	
Dart	3285896	3.1428571429	0.0012645429	0.005	2	167	15625000000	42.0	False	9.393692016601562e-05	
Dart	335766	3.1428571429	0.0012645429	0.005	2	168	15625000000	14.0	False	3.7670135498046875e-05	
Dart	8523480	3.1428571429	0.0012645429	0.005	2	169	15625000000	28.0	False	6.461143493652344e-05	
Dart	2637398	3.1428571429	0.0012645429	0.005	2	170	15625000000	14.0	False	3.790855407714844e-05	
Dart	5544050	3.1428571429	0.0012645429	0.005	2	171	15625000000	14.0	False	3.7670135498046875e-05	
Dart	2207847	3.1351351351	-0.0064574649	0.005	2	172	15625000000	74.0	False	0.0001628398895263672	
Dart	8066805	3.1414634146	-0.0001291854	0.005	2	173	15625000000	205.0	False	0.0004467964172363281	
Dart	8154772	3.1428571429	0.0012645429	0.005	2	174	15625000000	28.0	False	6.842613220214844e-05	
Dart	3545807	3.1363636364	-0.0052289636	0.005	2	175	15625000000	528.0	False	0.0010287761688232422	
Dart	5844643	3.135391924	-0.006200676	0.005	2	176	15625000000	1684.0	False	0.0033788681030273438	
Dart	2512709	3.1428571429	0.0012645429	0.005	2	177	15625000000	182.0	False	0.00037384033203125	
Dart	9975805	3.1352282515	-0.0063643485	0.005	2	178	15625000000	1161.0	False	0.002307891845703125	
Dart	4428505	3.1428571429	0.0012645429	0.005	2	179	15625000000	14.0	False	3.9577484130859375e-05	
Dart	4570411	3.1351351351	-0.0064574649	0.005	2	180	15625000000	37.0	False	8.20159912109375e-05	
Dart	9840151	3.1428571429	0.0012645429	0.005	2	181	15625000000	14.0	False	3.695487976074219e-05	
Dart	6177301	3.137254902	-0.004337698	0.005	2	182	15625000000	51.0	False	0.00011014938354492188	
Dart	8204115	3.1446679526	0.0030753526	0.005	2	183	15625000000	3629.0	False	0.007320404052734375	
Dart	6412138	3.1428571429	0.0012645429	0.005	2	184	15625000000	28.0	False	0.00010728836059570312	
Dart	7317609	3.1428571429	0.0012645429	0.005	2	185	15625000000	14.0	False	6.29425048828125e-05	
Dart	4828816	3.1351351351	-0.0064574649	0.005	2	186	15625000000	74.0	False	0.00015592575073242188	
Dart	4014740	3.1351351351	-0.0064574649	0.005	2	187	15625000000	74.0	False	0.00015544891357421875	
Dart	3306404	3.1446099912	0.0030173912	0.005	2	188	15625000000	1141.0	False	0.002338886260986328	
Dart	7498576	3.1448931116	0.0033005116	0.005	2	189	15625000000	421.0	False	0.0008578300476074219	
Dart	8680020	3.1434343434	0.0018417434	0.005	2	190	15625000000	495.0	False	0.0010271072387695312	
Dart	1317758	3.1350030001	-0.0065895999	0.005	2	191	15625000000	89998.0	False	0.18177127838134766	
Dart	2208871	3.1428571429	0.0012645429	0.005	2	192	15625000000	14.0	False	4.5299530029296875e-05	
Dart	6887689	3.1428571429	0.0012645429	0.005	2	193	15625000000	28.0	False	6.628036499023438e-05	
Dart	5681773	3.1355311355	-0.0060614645	0.005	2	194	15625000000	546.0	False	0.0010836124420166016	
Dart	6973115	3.1351351351	-0.0064574649	0.005	2	195	15625000000	37.0	False	8.249282836914062e-05	
Dart	885403	3.137254902	-0.004337698	0.005	2	196	15625000000	204.0	False	0.0004417896270751953	
Dart	8823009	3.1350199734	-0.0065726266	0.005	2	197	15625000000	11265.0	False	0.02223801612854004	
Dart	4178103	3.1445544554	0.0029618554	0.005	2	198	15625000000	505.0	False	0.0010530948638916016	
Dart	8786396	3.1428571429	0.0012645429	0.005	2	199	15625000000	42.0	False	0.0001049041748046875	
Dart	1444755	3.1428571429	0.0012645429	0.005	2	200	15625000000	14.0	False	4.1961669921875e-05	
Dart	1666439	3.1415217798	-7.08202e-05	0.0005	3	201	15625000000	5349.0	False	0.010763168334960938	
Dart	9314107	3.1415356152	-5.69848e-05	0.0005	3	202	15625000000	14053.0	False	0.0282595157623291	
Dart	4396129	3.1418181818	0.0002255818	0.0005	3	203	15625000000	275.0	False	0.0005612373352050781	
Dart	1989729	3.1421686747	0.0005760747	0.0005	3	204	15625000000	415.0	False	0.0008826255798339844	
Dart	5225460	3.1416143064	2.17064e-05	0.0005	3	205	15625000000	2069.0	False	0.004167079925537109	
Dart	4702563	3.1420176298	0.0004250298	0.0005	3	206	15625000000	1021.0	False	0.002074003219604492	
Dart	9610991	3.1416666667	7.40667e-05	0.0005	3	207	15625000000	480.0	False	0.001024484634399414	
Dart	774180	3.141934258	0.000341658	0.0005	3	208	15625000000	5263.0	False	0.01092076301574707	
Dart	6383155	3.1416781293	8.55293e-05	0.0005	3	209	15625000000	727.0	False	0.0014843940734863281	
Dart	8245763	3.142118863	0.000526263	0.0005	3	210	15625000000	1161.0	False	0.0023407936096191406	
Dart	3394994	3.1415525114	-4.00886e-05	0.0005	3	211	15625000000	219.0	False	0.00044655799865722656	
Dart	9336125	3.1421287444	0.0005361444	0.0005	3	212	15625000000	3138.0	False	0.006542682647705078	
Dart	5704081	3.1416309013	3.83013e-05	0.0005	3	213	15625000000	233.0	False	0.00047135353088378906	
Dart	6041681	3.1415525114	-4.00886e-05	0.0005	3	214	15625000000	219.0	False	0.0004353523254394531	
Dart	5238306	3.1416309013	3.83013e-05	0.0005	3	215	15625000000	233.0	False	0.0004646778106689453	
Dart	5666998	3.1415217798	-7.08202e-05	0.0005	3	216	15625000000	10698.0	False	0.02236461639404297	
Dart	1934179	3.1424931925	0.0009005925	0.0005	3	217	15625000000	302239.0	False	0.6217715740203857	
Dart	2410931	3.1422121896	0.0006195896	0.0005	3	218	15625000000	443.0	False	0.0009088516235351562	
Dart	4055089	3.1419141914	0.0003215914	0.0005	3	219	15625000000	303.0	False	0.0006022453308105469	
Dart	4860539	3.1421686747	0.0005760747	0.0005	3	220	15625000000	415.0	False	0.0008356571197509766	
Dart	5567188	3.1418685121	0.0002759121	0.0005	3	221	15625000000	289.0	False	0.0005795955657958984	
Dart	9556312	3.1418181818	0.0002255818	0.0005	3	222	15625000000	1100.0	False	0.002276897430419922	
Dart	1308185	3.1418779986	0.0002853986	0.0005	3	223	15625000000	1459.0	False	0.0030226707458496094	
Dart	7067252	3.1416065911	1.39911e-05	0.0005	3	224	15625000000	7768.0	False	0.01573967933654785	
Dart	2051865	3.1416256158	3.30158e-05	0.0005	3	225	15625000000	3248.0	False	0.0065572261810302734	
Dart	9925203	3.1416309013	3.83013e-05	0.0005	3	226	15625000000	233.0	False	0.0005116462707519531	
Dart	4686554	3.1418685121	0.0002759121	0.0005	3	227	15625000000	289.0	False	0.0005831718444824219	
Dart	6363659	3.142461964	0.000869364	0.0005	3	228	15625000000	723.0	False	0.0015628337860107422	
Dart	9646160	3.1415241058	-6.84942e-05	0.0005	3	229	15625000000	643.0	False	0.0013773441314697266	
Dart	9876351	3.1418685121	0.0002759121	0.0005	3	230	15625000000	289.0	False	0.0005862712860107422	
Dart	225150	3.1421911422	0.0005985422	0.0005	3	231	15625000000	429.0	False	0.0008950233459472656	
Dart	3975389	3.1416194602	2.68602e-05	0.0005	3	232	15625000000	3001.0	False	0.0061686038970947266	
Dart	6863413	3.1415119481	-8.06519e-05	0.0005	3	233	15625000000	11257.0	False	0.02230668067932129	
Dart	5018582	3.1423550088	0.0007624088	0.0005	3	234	15625000000	569.0	False	0.001111745834350586	
Dart	302920	3.1420612813	0.0004686813	0.0005	3	235	15625000000	359.0	False	0.0007102489471435547	
Dart	4042664	3.1415289256	-6.36744e-05	0.0005	3	236	15625000000	7744.0	False	0.015522241592407227	
Dart	795614	3.1415153413	-7.72587e-05	0.0005	3	237	15625000000	19164.0	False	0.03866434097290039	
Dart	5296453	3.1417004049	0.0001078049	0.0005	3	238	15625000000	247.0	False	0.0005028247833251953	
Dart	6425891	3.1421740965	0.0005814965	0.0005	3	239	15625000000	7111.0	False	0.01476907730102539	
Dart	8907088	3.1415215771	-7.10229e-05	0.0005	3	240	15625000000	14761.0	False	0.02982616424560547	
Dart	9106677	3.1415525114	-4.00886e-05	0.0005	3	241	15625000000	219.0	False	0.0004439353942871094	
Dart	6820864	3.1419939577	0.0004013577	0.0005	3	242	15625000000	331.0	False	0.0006473064422607422	
Dart	7095836	3.1417721519	0.0001795519	0.0005	3	243	15625000000	1580.0	False	0.003279447555541992	
Dart	4613722	3.1418002466	0.0002076466	0.0005	3	244	15625000000	811.0	False	0.00174713134765625	
Dart	8256544	3.1419141914	0.0003215914	0.0005	3	245	15625000000	606.0	False	0.0018393993377685547	
Dart	3351715	3.1417624521	0.0001698521	0.0005	3	246	15625000000	261.0	False	0.0005209445953369141	
Dart	5130871	3.1417004049	0.0001078049	0.0005	3	247	15625000000	247.0	False	0.0004923343658447266	
Dart	4305993	3.1417004049	0.0001078049	0.0005	3	248	15625000000	247.0	False	0.0005285739898681641	
Dart	3712806	3.1420612813	0.0004686813	0.0005	3	249	15625000000	359.0	False	0.0007035732269287109	
Dart	8147467	3.1415001644	-9.24356e-05	0.0005	3	250	15625000000	513957.0	False	1.030019998550415	
Dart	1757237	3.1420612813	0.0004686813	0.0005	3	251	15625000000	359.0	False	0.0007593631744384766	
Dart	6051140	3.1417133707	0.0001207707	0.0005	3	252	15625000000	1249.0	False	0.0025141239166259766	
Dart	9548242	3.142445121	0.000852521	0.0005	3	253	15625000000	18723.0	False	0.038910865783691406	
Dart	9625201	3.1417322835	0.0001396835	0.0005	3	254	15625000000	1016.0	False	0.0020351409912109375	
Dart	7060181	3.1418918919	0.0002992919	0.0005	3	255	15625000000	1184.0	False	0.002377748489379883	
Dart	2888089	3.1415431783	-4.94217e-05	0.0005	3	256	15625000000	3914.0	False	0.007845640182495117	
Dart	8673379	3.1420612813	0.0004686813	0.0005	3	257	15625000000	359.0	False	0.0007259845733642578	
Dart	857229	3.1420507996	0.0004581996	0.0005	3	258	15625000000	1063.0	False	0.0021202564239501953	
Dart	7993003	3.1416309013	3.83013e-05	0.0005	3	259	15625000000	233.0	False	0.0004680156707763672	
Dart	5515678	3.1415125315	-8.00685e-05	0.0005	3	260	15625000000	9137.0	False	0.01825714111328125	
Dart	7580631	3.1420373027	0.0004447027	0.0005	3	261	15625000000	1394.0	False	0.0028345584869384766	
Dart	8541743	3.1417004049	0.0001078049	0.0005	3	262	15625000000	247.0	False	0.0005049705505371094	
Dart	3761465	3.1416007036	8.1036e-06	0.0005	3	263	15625000000	1137.0	False	0.0023245811462402344	
Dart	2096224	3.1424992884	0.0009066884	0.0005	3	264	15625000000	35130.0	False	0.07217907905578613	
Dart	8663179	3.1417624521	0.0001698521	0.0005	3	265	15625000000	261.0	False	0.0005447864532470703	
Dart	1728934	3.141955836	0.000363236	0.0005	3	266	15625000000	317.0	False	0.0006291866302490234	
Dart	5200571	3.1415525114	-4.00886e-05	0.0005	3	267	15625000000	219.0	False	0.0004451274871826172	
Dart	940912	3.1417624521	0.0001698521	0.0005	3	268	15625000000	261.0	False	0.0005412101745605469	
Dart	4579285	3.1418994413	0.0003068413	0.0005	3	269	15625000000	895.0	False	0.0017821788787841797	
Dart	4697998	3.1422121896	0.0006195896	0.0005	3	270	15625000000	886.0	False	0.0017077922821044922	
Dart	7712902	3.1417624521	0.0001698521	0.0005	3	271	15625000000	261.0	False	0.0006098747253417969	
Dart	7472202	3.1415182755	-7.43245e-05	0.0005	3	272	15625000000	1067.0	False	0.0020906925201416016	
Dart	9917379	3.1417004049	0.0001078049	0.0005	3	273	15625000000	247.0	False	0.0005228519439697266	
Dart	4889313	3.142287764	0.000695164	0.0005	3	274	15625000000	5018.0	False	0.0104522705078125	
Dart	820884	3.1424988646	0.0009062646	0.0005	3	275	15625000000	147531.0	False	0.3054370880126953	
Dart	836772	3.1416666667	7.40667e-05	0.0005	3	276	15625000000	480.0	False	0.0010018348693847656	
Dart	7172992	3.1415525114	-4.00886e-05	0.0005	3	277	15625000000	438.0	False	0.0008711814880371094	
Dart	7817754	3.1417539989	0.0001613989	0.0005	3	278	15625000000	1813.0	False	0.0037615299224853516	
Dart	3414918	3.1417624521	0.0001698521	0.0005	3	279	15625000000	1044.0	False	0.0021381378173828125	
Dart	8580162	3.1422319475	0.0006393475	0.0005	3	280	15625000000	1828.0	False	0.003755807876586914	
Dart	2984994	3.1417004049	0.0001078049	0.0005	3	281	15625000000	494.0	False	0.0010020732879638672	
Dart	9175450	3.1419939577	0.0004013577	0.0005	3	282	15625000000	331.0	False	0.0006587505340576172	
Dart	8551323	3.1416666667	7.40667e-05	0.0005	3	283	15625000000	480.0	False	0.0009553432464599609	
Dart	6315845	3.1424460432	0.0008534432	0.0005	3	284	15625000000	1390.0	False	0.0028400421142578125	
Dart	5018495	3.1416309013	3.83013e-05	0.0005	3	285	15625000000	233.0	False	0.0004665851593017578	
Dart	9378852	3.1416309013	3.83013e-05	0.0005	3	286	15625000000	233.0	False	0.00047516822814941406	
Dart	2938328	3.1418181818	0.0002255818	0.0005	3	287	15625000000	275.0	False	0.0005788803100585938	
Dart	2762175	3.1422070535	0.0006144535	0.0005	3	288	15625000000	1758.0	False	0.003624439239501953	
Dart	8936659	3.1418181818	0.0002255818	0.0005	3	289	15625000000	275.0	False	0.0005381107330322266	
Dart	2052262	3.1415797317	-1.28683e-05	0.0005	3	290	15625000000	671.0	False	0.0013403892517089844	
Dart	9350470	3.1422845691	0.0006919691	0.0005	3	291	15625000000	499.0	False	0.001004934310913086	
Dart	7292401	3.1424947146	0.0009021146	0.0005	3	292	15625000000	2365.0	False	0.004968166351318359	
Dart	975861	3.1416490486	5.64486e-05	0.0005	3	293	15625000000	1892.0	False	0.003793001174926758	
Dart	5363301	3.1423455685	0.0007529685	0.0005	3	294	15625000000	2234.0	False	0.00458836555480957	
Dart	2242798	3.1423290203	0.0007364203	0.0005	3	295	15625000000	541.0	False	0.0010824203491210938	
Dart	1440522	3.1421551422	0.0005625422	0.0005	3	296	15625000000	5698.0	False	0.011928081512451172	
Dart	2159750	3.1416781293	8.55293e-05	0.0005	3	297	15625000000	727.0	False	0.0014758110046386719	
Dart	846270	3.1415525114	-4.00886e-05	0.0005	3	298	15625000000	219.0	False	0.0004379749298095703	
Dart	680108	3.1421686747	0.0005760747	0.0005	3	299	15625000000	415.0	False	0.0008566379547119141	
Dart	8127642	3.1417624521	0.0001698521	0.0005	3	300	15625000000	261.0	False	0.0005517005920410156	
Dart	8582415	3.1415525114	-4.00886e-05	5e-05	4	301	15625000000	1533.0	False	0.0030896663665771484	
Dart	2567381	3.1416309013	3.83013e-05	5e-05	4	302	15625000000	466.0	False	0.0009095668792724609	
Dart	5698321	3.1415525114	-4.00886e-05	5e-05	4	303	15625000000	219.0	False	0.00043392181396484375	
Dart	2747123	3.1415899011	-2.6989e-06	5e-05	4	304	15625000000	2931.0	False	0.0059871673583984375	
Dart	1316880	3.1416296721	3.70721e-05	5e-05	4	305	15625000000	13966.0	False	0.028846263885498047	
Dart	4395433	3.1415929204	3.204e-07	5e-05	4	306	15625000000	452.0	False	0.0009098052978515625	
Dart	7268719	3.1416076966	1.50966e-05	5e-05	4	307	15625000000	12577.0	False	0.025983095169067383	
Dart	7874022	3.1415525114	-4.00886e-05	5e-05	4	308	15625000000	1752.0	False	0.0036127567291259766	
Dart	2606262	3.1415525114	-4.00886e-05	5e-05	4	309	15625000000	438.0	False	0.000946044921875	
Dart	4012075	3.1415929204	3.204e-07	5e-05	4	310	15625000000	452.0	False	0.0009407997131347656	
Dart	674335	3.1415929204	3.204e-07	5e-05	4	311	15625000000	452.0	False	0.0009419918060302734	
Dart	152595	3.1416430595	5.04595e-05	5e-05	4	312	15625000000	1412.0	False	0.002880096435546875	
Dart	2046663	3.1416497081	5.71081e-05	5e-05	4	313	15625000000	1884988.0	False	3.889411687850952	
Dart	4719144	3.1416309013	3.83013e-05	5e-05	4	314	15625000000	233.0	False	0.00047397613525390625	
Dart	6205316	3.1416309013	3.83013e-05	5e-05	4	315	15625000000	3262.0	False	0.006654500961303711	
Dart	8381078	3.1416058394	1.32394e-05	5e-05	4	316	15625000000	1370.0	False	0.002753019332885742	
Dart	4098361	3.1415885545	-4.0455e-06	5e-05	4	317	15625000000	4054.0	False	0.008399009704589844	
Dart	6844084	3.1415929204	3.204e-07	5e-05	4	318	15625000000	2260.0	False	0.00461125373840332	
Dart	7304241	3.1415759129	-1.66871e-05	5e-05	4	319	15625000000	1561.0	False	0.003119945526123047	
Dart	2921454	3.1416309013	3.83013e-05	5e-05	4	320	15625000000	466.0	False	0.0009386539459228516	
Dart	4275280	3.1415525114	-4.00886e-05	5e-05	4	321	15625000000	876.0	False	0.0017964839935302734	
Dart	8362945	3.1415525114	-4.00886e-05	5e-05	4	322	15625000000	438.0	False	0.0008630752563476562	
Dart	1689253	3.1415525114	-4.00886e-05	5e-05	4	323	15625000000	1095.0	False	0.002164602279663086	
Dart	8067539	3.1415895551	-3.0449e-06	5e-05	4	324	15625000000	7889.0	False	0.01628565788269043	
Dart	6797313	3.1416454623	5.28623e-05	5e-05	4	325	15625000000	1179.0	False	0.0024673938751220703	
Dart	8325690	3.1415765885	-1.60115e-05	5e-05	4	326	15625000000	3793.0	False	0.007660865783691406	
Dart	8957291	3.1415826863	-9.9137e-06	5e-05	4	327	15625000000	6053.0	False	0.012042999267578125	
Dart	2841193	3.1416309013	3.83013e-05	5e-05	4	328	15625000000	699.0	False	0.0014221668243408203	
Dart	5196557	3.1416309013	3.83013e-05	5e-05	4	329	15625000000	233.0	False	0.0004718303680419922	
Dart	5771011	3.1416309013	3.83013e-05	5e-05	4	330	15625000000	233.0	False	0.00047779083251953125	
Dart	1692190	3.1415525114	-4.00886e-05	5e-05	4	331	15625000000	1752.0	False	0.0035085678100585938	
Dart	3128388	3.1416018925	9.2925e-06	5e-05	4	332	15625000000	2959.0	False	0.00585174560546875	
Dart	1873506	3.1415525114	-4.00886e-05	5e-05	4	333	15625000000	876.0	False	0.0017933845520019531	
Dart	3801143	3.1415797317	-1.28683e-05	5e-05	4	334	15625000000	671.0	False	0.0013358592987060547	
Dart	1059469	3.1415525114	-4.00886e-05	5e-05	4	335	15625000000	219.0	False	0.00044417381286621094	
Dart	2796719	3.1415929204	3.204e-07	5e-05	4	336	15625000000	904.0	False	0.001811981201171875	
Dart	7348115	3.1415584983	-3.41017e-05	5e-05	4	337	15625000000	45762.0	False	0.0918729305267334	
Dart	8504484	3.1416102333	1.76333e-05	5e-05	4	338	15625000000	6645.0	False	0.013418912887573242	
Dart	1305086	3.1416143064	2.17064e-05	5e-05	4	339	15625000000	2069.0	False	0.004179716110229492	
Dart	8950560	3.1416272966	3.46966e-05	5e-05	4	340	15625000000	9525.0	False	0.01963973045349121	
Dart	2843619	3.1415525114	-4.00886e-05	5e-05	4	341	15625000000	1314.0	False	0.002611398696899414	
Dart	7541903	3.1416490486	5.64486e-05	5e-05	4	342	15625000000	2838.0	False	0.005833148956298828	
Dart	2029230	3.1415896488	-2.9512e-06	5e-05	4	343	15625000000	5410.0	False	0.010929346084594727	
Dart	3892871	3.1415712414	-2.13586e-05	5e-05	4	344	15625000000	17553.0	False	0.03524613380432129	
Dart	7004967	3.1415525114	-4.00886e-05	5e-05	4	345	15625000000	7227.0	False	0.014963865280151367	
Dart	3278535	3.1416309013	3.83013e-05	5e-05	4	346	15625000000	3728.0	False	0.007391452789306641	
Dart	2437101	3.1415525114	-4.00886e-05	5e-05	4	347	15625000000	1095.0	False	0.0021843910217285156	
Dart	8099915	3.1416406472	4.80472e-05	5e-05	4	348	15625000000	3523.0	False	0.007429361343383789	
Dart	4187266	3.1415525114	-4.00886e-05	5e-05	4	349	15625000000	438.0	False	0.0008749961853027344	
Dart	3186126	3.1415867997	-5.8003e-06	5e-05	4	350	15625000000	10121.0	False	0.021484375	
Dart	4244337	3.1415797317	-1.28683e-05	5e-05	4	351	15625000000	671.0	False	0.001348257064819336	
Dart	6689109	3.1415897026	-2.8974e-06	5e-05	4	352	15625000000	27502.0	False	0.0566563606262207	
Dart	3918767	3.1415525114	-4.00886e-05	5e-05	4	353	15625000000	1095.0	False	0.002192258834838867	
Dart	3069087	3.1415525114	-4.00886e-05	5e-05	4	354	15625000000	219.0	False	0.0004417896270751953	
Dart	8900528	3.1416309013	3.83013e-05	5e-05	4	355	15625000000	466.0	False	0.0009100437164306641	
Dart	1527966	3.1415628539	-2.97461e-05	5e-05	4	356	15625000000	1766.0	False	0.003635883331298828	
Dart	1268385	3.141610472	1.7872e-05	5e-05	4	357	15625000000	2521.0	False	0.005173444747924805	
Dart	1518722	3.1415662651	-2.63349e-05	5e-05	4	358	15625000000	2656.0	False	0.005457878112792969	
Dart	1360827	3.1416414433	4.88433e-05	5e-05	4	359	15625000000	229615.0	False	0.4799635410308838	
Dart	7528876	3.1416309013	3.83013e-05	5e-05	4	360	15625000000	699.0	False	0.0014717578887939453	
Dart	2354140	3.1416184971	2.58971e-05	5e-05	4	361	15625000000	1384.0	False	0.002782583236694336	
Dart	6855077	3.1415525114	-4.00886e-05	5e-05	4	362	15625000000	219.0	False	0.0004413127899169922	
Dart	4479979	3.1415954579	2.8579e-06	5e-05	4	363	15625000000	17437.0	False	0.035362958908081055	
Dart	225885	3.1415525114	-4.00886e-05	5e-05	4	364	15625000000	1533.0	False	0.003220796585083008	
Dart	7893972	3.1416058394	1.32394e-05	5e-05	4	365	15625000000	685.0	False	0.001333475112915039	
Dart	4427804	3.1415964701	3.8701e-06	5e-05	4	366	15625000000	2493.0	False	0.005151987075805664	
Dart	4624590	3.1416490486	5.64486e-05	5e-05	4	367	15625000000	2838.0	False	0.005852937698364258	
Dart	2032247	3.1416243655	3.17655e-05	5e-05	4	368	15625000000	7880.0	False	0.016206979751586914	
Dart	178297	3.1416257988	3.31988e-05	5e-05	4	369	15625000000	6729.0	False	0.013708114624023438	
Dart	5326030	3.1415525114	-4.00886e-05	5e-05	4	370	15625000000	219.0	False	0.0004420280456542969	
Dart	990300	3.1416011722	8.5722e-06	5e-05	4	371	15625000000	7507.0	False	0.015360832214355469	
Dart	7827832	3.1415797317	-1.28683e-05	5e-05	4	372	15625000000	671.0	False	0.001402139663696289	
Dart	9509410	3.1416122004	1.96004e-05	5e-05	4	373	15625000000	1836.0	False	0.0037741661071777344	
Dart	5092159	3.1415662651	-2.63349e-05	5e-05	4	374	15625000000	1328.0	False	0.00263214111328125	
Dart	2329061	3.1415525114	-4.00886e-05	5e-05	4	375	15625000000	219.0	False	0.0004668235778808594	
Dart	3655961	3.1415525114	-4.00886e-05	5e-05	4	376	15625000000	1095.0	False	0.0023059844970703125	
Dart	1893352	3.1416226596	3.00596e-05	5e-05	4	377	15625000000	2083.0	False	0.004302978515625	
Dart	1487928	3.1415662651	-2.63349e-05	5e-05	4	378	15625000000	3984.0	False	0.008361577987670898	
Dart	6754728	3.1416309013	3.83013e-05	5e-05	4	379	15625000000	466.0	False	0.0009849071502685547	
Dart	2910561	3.1416184971	2.58971e-05	5e-05	4	380	15625000000	1384.0	False	0.002768993377685547	
Dart	8274813	3.1416340004	4.14004e-05	5e-05	4	381	15625000000	38776.0	False	0.0808265209197998	
Dart	8840594	3.1416454623	5.28623e-05	5e-05	4	382	15625000000	1179.0	False	0.00261688232421875	
Dart	1854089	3.1415525114	-4.00886e-05	5e-05	4	383	15625000000	2409.0	False	0.004822492599487305	
Dart	8887148	3.1415770609	-1.55391e-05	5e-05	4	384	15625000000	2232.0	False	0.0044286251068115234	
Dart	4335930	3.1416241663	3.15663e-05	5e-05	4	385	15625000000	45882.0	False	0.09448885917663574	
Dart	8901673	3.1415525114	-4.00886e-05	5e-05	4	386	15625000000	219.0	False	0.0004374980926513672	
Dart	8713244	3.1415730337	-1.95663e-05	5e-05	4	387	15625000000	13350.0	False	0.027417898178100586	
Dart	9713412	3.1415730337	-1.95663e-05	5e-05	4	388	15625000000	1780.0	False	0.0035758018493652344	
Dart	1433053	3.1416309013	3.83013e-05	5e-05	4	389	15625000000	3262.0	False	0.006650209426879883	
Dart	4358700	3.1416159861	2.33861e-05	5e-05	4	390	15625000000	1151.0	False	0.0022628307342529297	
Dart	2424167	3.141559601	-3.2999e-05	5e-05	4	391	15625000000	77289.0	False	0.15378379821777344	
Dart	8050997	3.1415525114	-4.00886e-05	5e-05	4	392	15625000000	219.0	False	0.0004360675811767578	
Dart	4876713	3.1415662651	-2.63349e-05	5e-05	4	393	15625000000	1328.0	False	0.0026853084564208984	
Dart	3328270	3.1415525114	-4.00886e-05	5e-05	4	394	15625000000	1752.0	False	0.0035791397094726562	
Dart	3167909	3.1415503032	-4.22968e-05	5e-05	4	395	15625000000	2274626.0	False	4.54206395149231	
Dart	3157392	3.141648952	5.6352e-05	5e-05	4	396	15625000000	87498.0	False	0.1801166534423828	
Dart	1550512	3.1415652174	-2.73826e-05	5e-05	4	397	15625000000	11500.0	False	0.02290177345275879	
Dart	8057193	3.1415525114	-4.00886e-05	5e-05	4	398	15625000000	438.0	False	0.0008533000946044922	
Dart	4032277	3.1416309013	3.83013e-05	5e-05	4	399	15625000000	2563.0	False	0.005848407745361328	
Dart	5665761	3.1415929204	3.204e-07	5e-05	4	400	15625000000	2260.0	False	0.004618644714355469	
Dart	7499841	3.1415853774	-7.2226e-06	5e-06	5	401	15625000000	10559.0	False	0.021157026290893555	
Dart	9545547	3.1415938056	1.2056e-06	5e-06	5	402	15625000000	49981.0	False	0.10342693328857422	
Dart	9840282	3.1415929204	3.204e-07	5e-06	5	403	15625000000	452.0	False	0.0009527206420898438	
Dart	7788779	3.1415873016	-5.2984e-06	5e-06	5	404	15625000000	1575.0	False	0.003282785415649414	
Dart	5257828	3.1415929204	3.204e-07	5e-06	5	405	15625000000	452.0	False	0.00090789794921875	
Dart	7594853	3.1415929204	3.204e-07	5e-06	5	406	15625000000	904.0	False	0.0017750263214111328	
Dart	3111256	3.141594369	1.769e-06	5e-06	5	407	15625000000	6109.0	False	0.012264728546142578	
Dart	2254409	3.1415880067	-4.5933e-06	5e-06	5	408	15625000000	3602.0	False	0.007261037826538086	
Dart	4881503	3.1415920234	-5.766e-07	5e-06	5	409	15625000000	720203.0	False	1.4900007247924805	
Dart	9266306	3.1415873016	-5.2984e-06	5e-06	5	410	15625000000	1575.0	False	0.0031981468200683594	
Dart	4645437	3.1415859723	-6.6277e-06	5e-06	5	411	15625000000	3821.0	False	0.007577657699584961	
Dart	3642646	3.141587917	-4.683e-06	5e-06	5	412	15625000000	12381.0	False	0.024558544158935547	
Dart	4606798	3.1415908561	-1.7439e-06	5e-06	5	413	15625000000	4287.0	False	0.008483171463012695	
Dart	662417	3.1415856272	-6.9728e-06	5e-06	5	414	15625000000	24268.0	False	0.04797077178955078	
Dart	313945	3.1415864801	-6.1199e-06	5e-06	5	415	15625000000	12367.0	False	0.024708271026611328	
Dart	8387024	3.1415949584	2.3584e-06	5e-06	5	416	15625000000	16717502.0	False	34.51607036590576	
Dart	5046287	3.1415851955	-7.4045e-06	5e-06	5	417	15625000000	114560.0	False	0.22806334495544434	
Dart	3367565	3.1415943963	1.7963e-06	5e-06	5	418	15625000000	23984.0	False	0.04764819145202637	
Dart	1303282	3.1415915687	-1.0313e-06	5e-06	5	419	15625000000	26188.0	False	0.05348658561706543	
Dart	2945610	3.1415931349	5.349e-07	5e-06	5	420	15625000000	330016.0	False	0.6782658100128174	
Dart	6895449	3.1415883177	-4.2823e-06	5e-06	5	421	15625000000	24995.0	False	0.05089688301086426	
Dart	7867442	3.141590097	-2.503e-06	5e-06	5	422	15625000000	62688.0	False	0.12947940826416016	
Dart	5786815	3.1415895062	-3.0938e-06	5e-06	5	423	15625000000	10368.0	False	0.02062201499938965	
Dart	1953488	3.1415918417	-7.583e-07	5e-06	5	424	15625000000	24613.0	False	0.05059313774108887	
Dart	632339	3.1415901172	-2.4828e-06	5e-06	5	425	15625000000	12628.0	False	0.025501251220703125	
Dart	1665159	3.1415949682	2.3682e-06	5e-06	5	426	15625000000	82010386.0	False	168.9763617515564	
Dart	9645426	3.1415944692	1.8692e-06	5e-06	5	427	15625000000	45708.0	False	0.09011030197143555	
Dart	6643572	3.1415863603	-6.2397e-06	5e-06	5	428	15625000000	2698.0	False	0.005308389663696289	
Dart	8469822	3.1415929204	3.204e-07	5e-06	5	429	15625000000	2260.0	False	0.004410982131958008	
Dart	5154958	3.1415858325	-6.7675e-06	5e-06	5	430	15625000000	44948.0	False	0.09192347526550293	
Dart	7790999	3.1415865036	-6.0964e-06	5e-06	5	431	15625000000	41374.0	False	0.0818488597869873	
Dart	7386857	3.1415918349	-7.651e-07	5e-06	5	432	15625000000	309806.0	False	0.6372265815734863	
Dart	2179268	3.1415859723	-6.6277e-06	5e-06	5	433	15625000000	3821.0	False	0.007774829864501953	
Dart	3141155	3.1415850401	-7.5599e-06	5e-06	5	434	15625000000	5615.0	False	0.011054039001464844	
Dart	711833	3.141588711	-3.889e-06	5e-06	5	435	15625000000	12614.0	False	0.025798320770263672	
Dart	6216227	3.141591053	-1.547e-06	5e-06	5	436	15625000000	14217.0	False	0.02951526641845703	
Dart	6882973	3.141590416	-2.184e-06	5e-06	5	437	15625000000	137813.0	False	0.2851414680480957	
Dart	6953638	3.1415871165	-5.4835e-06	5e-06	5	438	15625000000	13723.0	False	0.02888631820678711	
Dart	885278	3.1415929204	3.204e-07	5e-06	5	439	15625000000	7684.0	False	0.015892744064331055	
Dart	61302	3.1415855355	-7.0645e-06	5e-06	5	440	15625000000	7190.0	False	0.014693021774291992	
Dart	1612860	3.1415871165	-5.4835e-06	5e-06	5	441	15625000000	13723.0	False	0.028570890426635742	
Dart	8168025	3.1415912156	-1.3844e-06	5e-06	5	442	15625000000	5191.0	False	0.010250568389892578	
Dart	714762	3.1415898214	-2.7786e-06	5e-06	5	443	15625000000	17134.0	False	0.03492856025695801	
Dart	2707175	3.1415859723	-6.6277e-06	5e-06	5	444	15625000000	3821.0	False	0.007815361022949219	
Dart	5256397	3.1415934231	8.231e-07	5e-06	5	445	15625000000	1601847.0	False	3.33594012260437	
Dart	8991617	3.1415896971	-2.9029e-06	5e-06	5	446	15625000000	107077.0	False	0.21900725364685059	
Dart	3085116	3.1415929204	3.204e-07	5e-06	5	447	15625000000	452.0	False	0.0009214878082275391	
Dart	9888021	3.1415929204	3.204e-07	5e-06	5	448	15625000000	12204.0	False	0.02490854263305664	
Dart	9005653	3.1415850401	-7.5599e-06	5e-06	5	449	15625000000	2246.0	False	0.004521369934082031	
Dart	6376567	3.1415893505	-3.2495e-06	5e-06	5	450	15625000000	2479.0	False	0.00491023063659668	
Dart	2045337	3.1415857389	-6.8611e-06	5e-06	5	451	15625000000	1121370.0	False	2.2261078357696533	
Dart	2611259	3.1415929204	3.204e-07	5e-06	5	452	15625000000	8136.0	False	0.0161588191986084	
Dart	9794659	3.1415929204	3.204e-07	5e-06	5	453	15625000000	452.0	False	0.0008950233459472656	
Dart	9453950	3.1415897374	-2.8626e-06	5e-06	5	454	15625000000	8341.0	False	0.01658940315246582	
Dart	8460524	3.1415876327	-4.9673e-06	5e-06	5	455	15625000000	184098.0	False	0.3827948570251465	
Dart	6113680	3.1415901305	-2.4695e-06	5e-06	5	456	15625000000	47581.0	False	0.09862923622131348	
Dart	477670	3.1415903045	-2.2955e-06	5e-06	5	457	15625000000	3383.0	False	0.0070455074310302734	
Dart	7365614	3.1415850401	-7.5599e-06	5e-06	5	458	15625000000	1123.0	False	0.0022859573364257812	
Dart	8210327	3.1415915687	-1.0313e-06	5e-06	5	459	15625000000	6547.0	False	0.01327657699584961	
Dart	2239386	3.1415929204	3.204e-07	5e-06	5	460	15625000000	2260.0	False	0.004587888717651367	
Dart	8075414	3.1415873016	-5.2984e-06	5e-06	5	461	15625000000	3150.0	False	0.0064051151275634766	
Dart	8056642	3.1415929204	3.204e-07	5e-06	5	462	15625000000	904.0	False	0.0018184185028076172	
Dart	1161584	3.1415908561	-1.7439e-06	5e-06	5	463	15625000000	4287.0	False	0.008410453796386719	
Dart	6837647	3.1415929204	3.204e-07	5e-06	5	464	15625000000	904.0	False	0.0017549991607666016	
Dart	6911751	3.1415899914	-2.6086e-06	5e-06	5	465	15625000000	15107.0	False	0.030310630798339844	
Dart	3765526	3.1415877922	-4.8078e-06	5e-06	5	466	15625000000	5177.0	False	0.010703563690185547	
Dart	1551548	3.1415946977	2.0977e-06	5e-06	5	467	15625000000	19916.0	False	0.0408935546875	
Dart	9577701	3.1415896488	-2.9512e-06	5e-06	5	468	15625000000	16230.0	False	0.033742427825927734	
Dart	6243280	3.1415929204	3.204e-07	5e-06	5	469	15625000000	6328.0	False	0.01329660415649414	
Dart	1522195	3.1415929204	3.204e-07	5e-06	5	470	15625000000	2260.0	False	0.004587411880493164	
Dart	1621557	3.1415854685	-7.1315e-06	5e-06	5	471	15625000000	8313.0	False	0.01705002784729004	
Dart	1643607	3.1415938097	1.2097e-06	5e-06	5	472	15625000000	19902.0	False	0.040325164794921875	
Dart	3781720	3.1415914684	-1.1316e-06	5e-06	5	473	15625000000	6095.0	False	0.012282371520996094	
Dart	9399481	3.1415937899	1.1899e-06	5e-06	5	474	15625000000	10177.0	False	0.020447492599487305	
Dart	5244704	3.1415873016	-5.2984e-06	5e-06	5	475	15625000000	12600.0	False	0.02603292465209961	
Dart	8766591	3.1415936192	1.0192e-06	5e-06	5	476	15625000000	25326.0	False	0.05117940902709961	
Dart	2301782	3.1415906128	-1.9872e-06	5e-06	5	477	15625000000	3835.0	False	0.008102178573608398	
Dart	6515101	3.1415877922	-4.8078e-06	5e-06	5	478	15625000000	5177.0	False	0.010709047317504883	
Dart	7381083	3.1415865136	-6.0864e-06	5e-06	5	479	15625000000	9669.0	False	0.019790172576904297	
Dart	9412477	3.1415908561	-1.7439e-06	5e-06	5	480	15625000000	4287.0	False	0.008882284164428711	
Dart	5558981	3.1415949779	2.3779e-06	5e-06	5	481	15625000000	4301.0	False	0.008533716201782227	
Dart	2744688	3.1415925798	-2.02e-08	5e-06	5	482	15625000000	25983.0	False	0.053443193435668945	
Dart	6459780	3.1415852334	-7.3666e-06	5e-06	5	483	15625000000	18420.0	False	0.03662443161010742	
Dart	6073280	3.1415889925	-3.6075e-06	5e-06	5	484	15625000000	4506.0	False	0.009187459945678711	
Dart	1276126	3.1415873016	-5.2984e-06	5e-06	5	485	15625000000	1575.0	False	0.003191232681274414	
Dart	1427416	3.1415862358	-6.3642e-06	5e-06	5	486	15625000000	23830.0	False	0.04912424087524414	
Dart	9109616	3.1415867574	-5.8426e-06	5e-06	5	487	15625000000	18667.0	False	0.037401676177978516	
Dart	3150720	3.1415885545	-4.0455e-06	5e-06	5	488	15625000000	4054.0	False	0.008182764053344727	
Dart	9161809	3.1415882039	-4.3961e-06	5e-06	5	489	15625000000	5629.0	False	0.011513233184814453	
Dart	6081148	3.1415854175	-7.1825e-06	5e-06	5	490	15625000000	56616.0	False	0.11333155632019043	
Dart	2152030	3.1415920091	-5.909e-07	5e-06	5	491	15625000000	9711.0	False	0.019266605377197266	
Dart	3582037	3.1415947822	2.1822e-06	5e-06	5	492	15625000000	4753.0	False	0.009840965270996094	
Dart	8498331	3.1415889925	-3.6075e-06	5e-06	5	493	15625000000	9012.0	False	0.01773548126220703	
Dart	8116626	3.1415929204	3.204e-07	5e-06	5	494	15625000000	452.0	False	0.000896453857421875	
Dart	2819956	3.141591424	-1.176e-06	5e-06	5	495	15625000000	29571.0	False	0.06117892265319824	
Dart	3140314	3.1415899011	-2.6989e-06	5e-06	5	496	15625000000	2931.0	False	0.005870819091796875	
Dart	7420737	3.1415923686	-2.314e-07	5e-06	5	497	15625000000	16039.0	False	0.033144474029541016	
Dart	9506915	3.1415914684	-1.1316e-06	5e-06	5	498	15625000000	6095.0	False	0.012529373168945312	
Dart	1180429	3.1415915203	-1.0797e-06	5e-06	5	499	15625000000	12642.0	False	0.02612471580505371	
Dart	7933997	3.1415894896	-3.1104e-06	5e-06	5	500	15625000000	92860.0	False	0.19224309921264648	
Dart	8554327	3.1415933474	7.474e-07	5e-07	6	501	15625000000	124342.0	False	0.24841570854187012	
Dart	1445155	3.1415929204	3.204e-07	5e-07	6	502	15625000000	7684.0	False	0.01606130599975586	
Dart	3834841	3.1415926664	6.64e-08	5e-07	6	503	15625000000	174211.0	False	0.345308780670166	
Dart	802568	3.1415925597	-4.03e-08	5e-07	6	504	15625000000	122683.0	False	0.25325846672058105	
Dart	3776548	3.1415931941	5.941e-07	5e-07	6	505	15625000000	32325.0	False	0.06449151039123535	
Dart	6118159	3.1415929204	3.204e-07	5e-07	6	506	15625000000	2712.0	False	0.005529165267944336	
Dart	3336282	3.1415929204	3.204e-07	5e-07	6	507	15625000000	8136.0	False	0.016585111618041992	
Dart	4506041	3.1415934876	8.876e-07	5e-07	6	508	15625000000	15601.0	False	0.031419992446899414	
Dart	7818064	3.1415929204	3.204e-07	5e-07	6	509	15625000000	1356.0	False	0.0027768611907958984	
Dart	8646849	3.1415933158	7.158e-07	5e-07	6	510	15625000000	22381.0	False	0.04451274871826172	
Dart	1640673	3.1415929204	3.204e-07	5e-07	6	511	15625000000	21244.0	False	0.043199777603149414	
Dart	1435838	3.1415933278	7.278e-07	5e-07	6	512	15625000000	282365.0	False	0.5776400566101074	
Dart	4204689	3.1415932493	6.493e-07	5e-07	6	513	15625000000	26901.0	False	0.0552058219909668	
Dart	605629	3.1415929204	3.204e-07	5e-07	6	514	15625000000	2260.0	False	0.004511356353759766	
Dart	4619986	3.1415932593	6.593e-07	5e-07	6	515	15625000000	104440.0	False	0.2084791660308838	
Dart	6558462	3.1415929204	3.204e-07	5e-07	6	516	15625000000	1808.0	False	0.0036301612854003906	
Dart	1091344	3.1415929204	3.204e-07	5e-07	6	517	15625000000	15820.0	False	0.0319514274597168	
Dart	3940488	3.1415929204	3.204e-07	5e-07	6	518	15625000000	39324.0	False	0.0803384780883789	
Dart	7978259	3.1415931008	5.008e-07	5e-07	6	519	15625000000	49049.0	False	0.09878969192504883	
Dart	100683	3.1415934665	8.665e-07	5e-07	6	520	15625000000	48611.0	False	0.09618854522705078	
Dart	2954886	3.141592508	-9.2e-08	5e-07	6	521	15625000000	42926.0	False	0.08591246604919434	
Dart	1876467	3.1415928133	2.133e-07	5e-07	6	522	15625000000	1487858.0	False	2.958850145339966	
Dart	8127540	3.1415929204	3.204e-07	5e-07	6	523	15625000000	21696.0	False	0.04321002960205078	
Dart	3658444	3.1415929204	3.204e-07	5e-07	6	524	15625000000	1808.0	False	0.003535032272338867	
Dart	6225610	3.1415929204	3.204e-07	5e-07	6	525	15625000000	3616.0	False	0.007241725921630859	
Dart	1962911	3.1415929204	3.204e-07	5e-07	6	526	15625000000	4068.0	False	0.008173465728759766	
Dart	8399871	3.1415925706	-2.94e-08	5e-07	6	527	15625000000	50610.0	False	0.10149788856506348	
Dart	8608824	3.1415927631	1.631e-07	5e-07	6	528	15625000000	56267.0	False	0.11562180519104004	
Dart	3924734	3.1415925473	-5.27e-08	5e-07	6	529	15625000000	23723.0	False	0.04780912399291992	
Dart	649131	3.1415926266	2.66e-08	5e-07	6	530	15625000000	180758.0	False	0.37251996994018555	
Dart	8697104	3.1415925729	-2.71e-08	5e-07	6	531	15625000000	178265.0	False	0.3688371181488037	
Dart	6118872	3.1415927024	1.024e-07	5e-07	6	532	15625000000	243586.0	False	0.502199649810791	
Dart	520222	3.1415929204	3.204e-07	5e-07	6	533	15625000000	452.0	False	0.0009884834289550781	
Dart	7582135	3.1415933977	7.977e-07	5e-07	6	534	15625000000	74156.0	False	0.15245413780212402	
Dart	5030625	3.1415931006	5.006e-07	5e-07	6	535	15625000000	1423777.0	False	2.8363869190216064	
Dart	2849898	3.1415929204	3.204e-07	5e-07	6	536	15625000000	1808.0	False	0.003614187240600586	
Dart	1488379	3.1415929204	3.204e-07	5e-07	6	537	15625000000	42036.0	False	0.08353376388549805	
Dart	3779369	3.1415931042	5.042e-07	5e-07	6	538	15625000000	96290.0	False	0.19959592819213867	
Dart	1170697	3.1415928216	2.216e-07	5e-07	6	539	15625000000	448123.0	False	0.8973128795623779	
Dart	3452401	3.1415929204	3.204e-07	5e-07	6	540	15625000000	23052.0	False	0.04637336730957031	
Dart	1354215	3.1415928165	2.165e-07	5e-07	6	541	15625000000	1618253.0	False	3.331787586212158	
Dart	7455770	3.1415931867	5.867e-07	5e-07	6	542	15625000000	33229.0	False	0.06834006309509277	
Dart	3959316	3.1415933079	7.079e-07	5e-07	6	543	15625000000	45666.0	False	0.09381794929504395	
Dart	3525785	3.1415929204	3.204e-07	5e-07	6	544	15625000000	11300.0	False	0.022493362426757812	
Dart	6457198	3.1415929204	3.204e-07	5e-07	6	545	15625000000	3164.0	False	0.006369352340698242	
Dart	2578229	3.1415929204	3.204e-07	5e-07	6	546	15625000000	5876.0	False	0.011821508407592773	
Dart	1330703	3.1415932608	6.608e-07	5e-07	6	547	15625000000	77991.0	False	0.15900516510009766	
Dart	6021638	3.1415929204	3.204e-07	5e-07	6	548	15625000000	32996.0	False	0.06732034683227539	
Dart	3267587	3.1415925267	-7.33e-08	5e-07	6	549	15625000000	89920.0	False	0.18667292594909668	
Dart	1674120	3.1415929204	3.204e-07	5e-07	6	550	15625000000	452.0	False	0.0008871555328369141	
Dart	9145882	3.1415929204	3.204e-07	5e-07	6	551	15625000000	8588.0	False	0.017740726470947266	
Dart	5481316	3.141593439	8.39e-07	5e-07	6	552	15625000000	12710709.0	False	26.130133628845215	
Dart	8538711	3.1415929204	3.204e-07	5e-07	6	553	15625000000	6328.0	False	0.013006925582885742	
Dart	247201	3.1415929204	3.204e-07	5e-07	6	554	15625000000	6328.0	False	0.012914896011352539	
Dart	8532750	3.1415929204	3.204e-07	5e-07	6	555	15625000000	3164.0	False	0.00644230842590332	
Dart	6979089	3.1415926575	5.75e-08	5e-07	6	556	15625000000	33667.0	False	0.06992220878601074	
Dart	3793208	3.1415931611	5.611e-07	5e-07	6	557	15625000000	6506649.0	False	13.441930770874023	
Dart	5276011	3.1415930757	4.757e-07	5e-07	6	558	15625000000	5755345.0	False	11.843560695648193	
Dart	9318189	3.1415929204	3.204e-07	5e-07	6	559	15625000000	21696.0	False	0.04484963417053223	
Dart	1363166	3.1415934795	8.795e-07	5e-07	6	560	15625000000	63308.0	False	0.1301896572113037	
Dart	6060977	3.1415929204	3.204e-07	5e-07	6	561	15625000000	4068.0	False	0.008270025253295898	
Dart	547594	3.1415925455	-5.45e-08	5e-07	6	562	15625000000	188880.0	False	0.3886690139770508	
Dart	6436936	3.1415929204	3.204e-07	5e-07	6	563	15625000000	28928.0	False	0.058928728103637695	
Dart	10064	3.1415926477	4.77e-08	5e-07	6	564	15625000000	97385.0	False	0.19932889938354492	
Dart	7099954	3.1415929204	3.204e-07	5e-07	6	565	15625000000	36612.0	False	0.07360363006591797	
Dart	6254670	3.1415929204	3.204e-07	5e-07	6	566	15625000000	3616.0	False	0.007138490676879883	
Dart	5901224	3.1415925247	-7.53e-08	5e-07	6	567	15625000000	22367.0	False	0.044348955154418945	
Dart	9884297	3.1415929204	3.204e-07	5e-07	6	568	15625000000	22148.0	False	0.0454409122467041	
Dart	4633329	3.1415934716	8.716e-07	5e-07	6	569	15625000000	32106.0	False	0.06546664237976074	
Dart	9655863	3.1415929204	3.204e-07	5e-07	6	570	15625000000	3164.0	False	0.006449699401855469	
Dart	2000178	3.1415927174	1.174e-07	5e-07	6	571	15625000000	43611.0	False	0.08713936805725098	
Dart	6395721	3.1415934287	8.287e-07	5e-07	6	572	15625000000	17409.0	False	0.03531336784362793	
Dart	4798131	3.1415933947	7.947e-07	5e-07	6	573	15625000000	3451637.0	False	7.102957487106323	
Dart	5370956	3.1415930794	4.794e-07	5e-07	6	574	15625000000	723517.0	False	1.4908580780029297	
Dart	4633874	3.1415929204	3.204e-07	5e-07	6	575	15625000000	28476.0	False	0.05685067176818848	
Dart	3446720	3.1415927205	1.205e-07	5e-07	6	576	15625000000	88578.0	False	0.17968273162841797	
Dart	6478688	3.1415929204	3.204e-07	5e-07	6	577	15625000000	7684.0	False	0.015442848205566406	
Dart	7374993	3.1415933358	7.358e-07	5e-07	6	578	15625000000	660363.0	False	1.3573870658874512	
Dart	3094376	3.1415929204	3.204e-07	5e-07	6	579	15625000000	1356.0	False	0.002748250961303711	
Dart	5361587	3.1415927172	1.172e-07	5e-07	6	580	15625000000	348436.0	False	0.7156126499176025	
Dart	8940256	3.1415929204	3.204e-07	5e-07	6	581	15625000000	2260.0	False	0.004486560821533203	
Dart	8686890	3.1415929204	3.204e-07	5e-07	6	582	15625000000	4068.0	False	0.00818490982055664	
Dart	3417323	3.1415932238	6.238e-07	5e-07	6	583	15625000000	87483.0	False	0.17385435104370117	
Dart	3354103	3.1415926156	1.56e-08	5e-07	6	584	15625000000	377555.0	False	0.7509758472442627	
Dart	1420185	3.1415929204	3.204e-07	5e-07	6	585	15625000000	27120.0	False	0.05480003356933594	
Dart	8617770	3.141593273	6.73e-07	5e-07	6	586	15625000000	50186.0	False	0.10346817970275879	
Dart	5816960	3.1415929204	3.204e-07	5e-07	6	587	15625000000	15368.0	False	0.03090524673461914	
Dart	2825778	3.1415926545	5.45e-08	5e-07	6	588	15625000000	399484.0	False	0.8197894096374512	
Dart	4755340	3.1415926991	9.91e-08	5e-07	6	589	15625000000	39995.0	False	0.08086276054382324	
Dart	7560846	3.1415929204	3.204e-07	5e-07	6	590	15625000000	5876.0	False	0.011768102645874023	
Dart	6988093	3.1415929204	3.204e-07	5e-07	6	591	15625000000	6780.0	False	0.01340627670288086	
Dart	6686053	3.1415934337	8.337e-07	5e-07	6	592	15625000000	137916.0	False	0.2757418155670166	
Dart	7392387	3.1415929204	3.204e-07	5e-07	6	593	15625000000	8136.0	False	0.016157150268554688	
Dart	1759512	3.1415934761	8.761e-07	5e-07	6	594	15625000000	111467.0	False	0.22083544731140137	
Dart	4812082	3.1415927753	1.753e-07	5e-07	6	595	15625000000	122026.0	False	0.24814391136169434	
Dart	8165457	3.1415929204	3.204e-07	5e-07	6	596	15625000000	8136.0	False	0.016028881072998047	
Dart	8279568	3.1415926502	5.02e-08	5e-07	6	597	15625000000	32763.0	False	0.06573057174682617	
Dart	8364496	3.1415931186	5.186e-07	5e-07	6	598	15625000000	401665.0	False	0.7987852096557617	
Dart	8391337	3.1415929204	3.204e-07	5e-07	6	599	15625000000	20340.0	False	0.04091787338256836	
Dart	8156945	3.1415929204	3.204e-07	5e-07	6	600	15625000000	1356.0	False	0.00344085693359375	
Dart	662473	3.1415926167	1.67e-08	5e-08	7	601	15625000000	408058.0	False	0.838547945022583	
Dart	7741226	3.1415926399	3.99e-08	5e-08	7	602	15625000000	473365.0	False	0.9470624923706055	
Dart	6936942	3.141592588	-1.2e-08	5e-08	7	603	15625000000	638960.0	False	1.2740063667297363	
Dart	2012632	3.1415926399	3.99e-08	5e-08	7	604	15625000000	94673.0	False	0.188643217086792	
Dart	1773606	3.1415925675	-3.25e-08	5e-08	7	605	15625000000	175553.0	False	0.35809803009033203	
Dart	6558789	3.1415925883	-1.17e-08	5e-08	7	606	15625000000	16763667.0	False	33.32038402557373	
Dart	7567323	3.141592607	7e-09	5e-08	7	607	15625000000	56486.0	False	0.11507606506347656	
Dart	2869359	3.1415925858	-1.42e-08	5e-08	7	608	15625000000	2433828.0	False	4.99759316444397	
Dart	824618	3.1415926176	1.76e-08	5e-08	7	609	15625000000	29578124.0	False	60.828184604644775	
Dart	3094346	3.1415926259	2.59e-08	5e-08	7	610	15625000000	60102.0	False	0.12131834030151367	
Dart	85111	3.1415926331	3.31e-08	5e-08	7	611	15625000000	184826.0	False	0.3764975070953369	
Dart	3552636	3.1415926141	1.41e-08	5e-08	7	612	15625000000	317905.0	False	0.6574537754058838	
Dart	3898507	3.1415925543	-4.57e-08	5e-08	7	613	15625000000	48350.0	False	0.09749484062194824	
Dart	277538	3.1415925912	-8.8e-09	5e-08	7	614	15625000000	134435.0	False	0.26906609535217285	
Dart	6872473	3.1415925543	-4.57e-08	5e-08	7	615	15625000000	120875.0	False	0.2497103214263916	
Dart	8320301	3.1415925618	-3.82e-08	5e-08	7	616	15625000000	197468.0	False	0.40404224395751953	
Dart	122029	3.1415925722	-2.78e-08	5e-08	7	617	15625000000	101672.0	False	0.20781350135803223	
Dart	305377	3.1415926396	3.96e-08	5e-08	7	618	15625000000	126080.0	False	0.2566239833831787	
Dart	1292376	3.1415926147	1.47e-08	5e-08	7	619	15625000000	11061382.0	False	21.996792554855347	
Dart	6663514	3.1415926117	1.17e-08	5e-08	7	620	15625000000	630838.0	False	1.3009648323059082	
Dart	5618363	3.1415926416	4.16e-08	5e-08	7	621	15625000000	126984.0	False	0.2558584213256836	
Dart	5420545	3.1415925664	-3.36e-08	5e-08	7	622	15625000000	150022.0	False	0.3040921688079834	
Dart	2456232	3.1415925751	-2.49e-08	5e-08	7	623	15625000000	1230460.0	False	2.449694871902466	
Dart	3960106	3.1415925837	-1.63e-08	5e-08	7	624	15625000000	78853.0	False	0.15627789497375488	
Dart	4062009	3.1415926386	3.86e-08	5e-08	7	625	15625000000	31407.0	False	0.06406903266906738	
Dart	4334839	3.1415925921	-7.9e-09	5e-08	7	626	15625000000	161774.0	False	0.3286285400390625	
Dart	6972719	3.1415925508	-4.92e-08	5e-08	7	627	15625000000	47898.0	False	0.09489774703979492	
Dart	8665549	3.141592569	-3.1e-08	5e-08	7	628	15625000000	1032759.0	False	2.0551693439483643	
Dart	395711	3.1415925912	-8.8e-09	5e-08	7	629	15625000000	53774.0	False	0.10782313346862793	
Dart	2046650	3.1415926019	1.9e-09	5e-08	7	630	15625000000	55582.0	False	0.11079549789428711	
Dart	1767169	3.1415926249	2.49e-08	5e-08	7	631	15625000000	658862.0	False	1.362840175628662	
Dart	904864	3.1415925967	-3.3e-09	5e-08	7	632	15625000000	27339.0	False	0.05459475517272949	
Dart	5906531	3.1415925967	-3.3e-09	5e-08	7	633	15625000000	54678.0	False	0.11145639419555664	
Dart	7198023	3.141592561	-3.9e-08	5e-08	7	634	15625000000	73881.0	False	0.15021777153015137	
Dart	2197556	3.1415926281	2.81e-08	5e-08	7	635	15625000000	60554.0	False	0.12042927742004395	
Dart	5688705	3.1415925508	-4.92e-08	5e-08	7	636	15625000000	47898.0	False	0.09775876998901367	
Dart	6580626	3.1415925737	-2.63e-08	5e-08	7	637	15625000000	76593.0	False	0.1562976837158203	
Dart	1412463	3.1415925988	-1.2e-09	5e-08	7	638	15625000000	1678979.0	False	3.3388280868530273	
Dart	1174056	3.1415925798	-2.02e-08	5e-08	7	639	15625000000	103932.0	False	0.2070152759552002	
Dart	3610598	3.1415925543	-4.57e-08	5e-08	7	640	15625000000	24175.0	False	0.048783302307128906	
Dart	5369752	3.1415925798	-2.02e-08	5e-08	7	641	15625000000	25983.0	False	0.05200600624084473	
Dart	4387345	3.1415926158	1.58e-08	5e-08	7	642	15625000000	697268.0	False	1.4243950843811035	
Dart	1531165	3.1415925768	-2.32e-08	5e-08	7	643	15625000000	51514.0	False	0.10508179664611816	
Dart	311258	3.1415925632	-3.68e-08	5e-08	7	644	15625000000	148666.0	False	0.30405330657958984	
Dart	5529360	3.1415925798	-2.02e-08	5e-08	7	645	15625000000	155898.0	False	0.31073856353759766	
Dart	9381511	3.1415925887	-1.13e-08	5e-08	7	646	15625000000	4349585.0	False	8.912683010101318	
Dart	7669238	3.1415926202	2.02e-08	5e-08	7	647	15625000000	117944.0	False	0.2391514778137207	
Dart	8903253	3.1415926045	4.5e-09	5e-08	7	648	15625000000	112068.0	False	0.22692108154296875	
Dart	7240368	3.141592636	3.6e-08	5e-08	7	649	15625000000	591309.0	False	1.2196671962738037	
Dart	3240472	3.141592561	-3.9e-08	5e-08	7	650	15625000000	73881.0	False	0.148146390914917	
Dart	6525481	3.1415925967	-3.3e-09	5e-08	7	651	15625000000	27339.0	False	0.05584907531738281	
Dart	8422645	3.1415925807	-1.93e-08	5e-08	7	652	15625000000	312700.0	False	0.6448919773101807	
Dart	8097448	3.1415926465	4.65e-08	5e-08	7	653	15625000000	32311.0	False	0.0656435489654541	
Dart	3551547	3.1415925912	-8.8e-09	5e-08	7	654	15625000000	161322.0	False	0.326352596282959	
Dart	5524636	3.1415925897	-1.03e-08	5e-08	7	655	15625000000	669011.0	False	1.3504321575164795	
Dart	4229327	3.1415925798	-2.02e-08	5e-08	7	656	15625000000	51966.0	False	0.10617208480834961	
Dart	9543739	3.141592552	-4.8e-08	5e-08	7	657	15625000000	1970146.0	False	3.92923903465271	
Dart	8389655	3.1415926308	3.08e-08	5e-08	7	658	15625000000	702925.0	False	1.447774887084961	
Dart	2253228	3.1415925511	-4.89e-08	5e-08	7	659	15625000000	311563.0	False	0.6461713314056396	
Dart	1926449	3.1415926175	1.75e-08	5e-08	7	660	15625000000	175334.0	False	0.36130332946777344	
Dart	3204524	3.1415926099	9.9e-09	5e-08	7	661	15625000000	199509.0	False	0.40488314628601074	
Dart	5859973	3.1415925587	-4.13e-08	5e-08	7	662	15625000000	758465.0	False	1.5758309364318848	
Dart	8618836	3.141592607	7e-09	5e-08	7	663	15625000000	141215.0	False	0.28776001930236816	
Dart	6018833	3.1415926208	2.08e-08	5e-08	7	664	15625000000	236340.0	False	0.47741055488586426	
Dart	98605	3.1415925654	-3.46e-08	5e-08	7	665	15625000000	74785.0	False	0.14789867401123047	
Dart	1028709	3.1415925684	-3.16e-08	5e-08	7	666	15625000000	176005.0	False	0.3488185405731201	
Dart	6677707	3.1415926045	4.5e-09	5e-08	7	667	15625000000	56034.0	False	0.11287426948547363	
Dart	3753101	3.1415925501	-4.99e-08	5e-08	7	668	15625000000	119519.0	False	0.2413787841796875	
Dart	8598237	3.1415925887	-1.13e-08	5e-08	7	669	15625000000	293497.0	False	0.6048135757446289	
Dart	3383279	3.1415925667	-3.33e-08	5e-08	7	670	15625000000	775641.0	False	1.5535964965820312	
Dart	4447000	3.1415926281	2.81e-08	5e-08	7	671	15625000000	60554.0	False	0.12389707565307617	
Dart	1236732	3.1415926426	4.26e-08	5e-08	7	672	15625000000	31859.0	False	0.0635225772857666	
Dart	6273381	3.1415925778	-2.22e-08	5e-08	7	673	15625000000	77497.0	False	0.1569528579711914	
Dart	5504136	3.141592556	-4.4e-08	5e-08	7	674	15625000000	97152.0	False	0.20027875900268555	
Dart	3305357	3.1415926144	1.44e-08	5e-08	7	675	15625000000	57842.0	False	0.11800980567932129	
Dart	194598	3.1415926117	1.17e-08	5e-08	7	676	15625000000	58345961.0	False	120.75562858581543	
Dart	7702771	3.141592612	1.2e-08	5e-08	7	677	15625000000	258255.0	False	0.5250918865203857	
Dart	9751247	3.1415926002	2e-10	5e-08	7	678	15625000000	82921.0	False	0.17024993896484375	
Dart	1948988	3.1415925856	-1.44e-08	5e-08	7	679	15625000000	26435.0	False	0.05346226692199707	
Dart	6395442	3.1415926167	1.67e-08	5e-08	7	680	15625000000	29147.0	False	0.060056209564208984	
Dart	1581055	3.1415925543	-4.57e-08	5e-08	7	681	15625000000	96700.0	False	0.19594621658325195	
Dart	6319810	3.1415926317	3.17e-08	5e-08	7	682	15625000000	91961.0	False	0.1893918514251709	
Dart	5908195	3.1415925771	-2.29e-08	5e-08	7	683	15625000000	25421262.0	False	50.50793194770813	
Dart	8500547	3.1415925675	-3.25e-08	5e-08	7	684	15625000000	75237.0	False	0.15443634986877441	
Dart	3973142	3.1415926465	4.65e-08	5e-08	7	685	15625000000	32311.0	False	0.06521391868591309	
Dart	379379	3.1415925751	-2.49e-08	5e-08	7	686	15625000000	7151625.0	False	14.708239793777466	
Dart	9547680	3.1415925851	-1.49e-08	5e-08	7	687	15625000000	316768.0	False	0.6347744464874268	
Dart	735895	3.1415925894	-1.06e-08	5e-08	7	688	15625000000	80209.0	False	0.1608142852783203	
Dart	6813205	3.1415926131	1.31e-08	5e-08	7	689	15625000000	633550.0	False	1.301307201385498	
Dart	7774066	3.1415925755	-2.45e-08	5e-08	7	690	15625000000	179621.0	False	0.3727118968963623	
Dart	5479130	3.1415925798	-2.02e-08	5e-08	7	691	15625000000	51966.0	False	0.10745429992675781	
Dart	9366795	3.141592637	3.7e-08	5e-08	7	692	15625000000	624524.0	False	1.244753360748291	
Dart	8166399	3.1415926083	8.3e-09	5e-08	7	693	15625000000	113424.0	False	0.22577500343322754	
Dart	8496452	3.141592607	7e-09	5e-08	7	694	15625000000	141215.0	False	0.29019713401794434	
Dart	4557664	3.1415925884	-1.16e-08	5e-08	7	695	15625000000	106644.0	False	0.21730589866638184	
Dart	3328160	3.1415926362	3.62e-08	5e-08	7	696	15625000000	591761.0	False	1.1764936447143555	
Dart	840750	3.1415926095	9.5e-09	5e-08	7	697	15625000000	227752.0	False	0.4657893180847168	
Dart	4190630	3.1415926448	4.48e-08	5e-08	7	698	15625000000	4014015.0	False	8.257374286651611	
Dart	8577221	3.1415926338	3.38e-08	5e-08	7	699	15625000000	185278.0	False	0.3824920654296875	
Dart	7766893	3.1415926223	2.23e-08	5e-08	7	700	15625000000	148447.0	False	0.2993299961090088	
Dart	8122594	3.1415926036	3.6e-09	5e-09	8	701	15625000000	922075.0	False	1.8678388595581055	
Dart	9922878	3.141592595	-5e-09	5e-09	8	702	15625000000	8948879.0	False	17.894460439682007	
Dart	5024157	3.1415926024	2.4e-09	5e-09	8	703	15625000000	6901660.0	False	14.192409038543701	
Dart	1842592	3.1415925956	-4.4e-09	5e-09	8	704	15625000000	136243.0	False	0.27761197090148926	
Dart	1913121	3.141592596	-4e-09	5e-09	8	705	15625000000	709458.0	False	1.4179060459136963	
Dart	6443282	3.1415926028	2.8e-09	5e-09	8	706	15625000000	2006376.0	False	3.9999639987945557	
Dart	4028015	3.1415926044	4.4e-09	5e-09	8	707	15625000000	532097.0	False	1.0842030048370361	
Dart	6490352	3.1415925993	-7e-10	5e-09	8	708	15625000000	12982889.0	False	26.685728788375854	
Dart	5803499	3.1415925953	-4.7e-09	5e-09	8	709	15625000000	217808.0	False	0.43422627449035645	
Dart	3653458	3.1415926018	1.8e-09	5e-09	8	710	15625000000	10307297.0	False	20.500595092773438	
Dart	5677215	3.1415926019	1.9e-09	5e-09	8	711	15625000000	27791.0	False	0.05649423599243164	
Dart	6369657	3.1415925974	-2.6e-09	5e-09	8	712	15625000000	794639.0	False	1.6357851028442383	
Dart	5927501	3.1415926032	3.2e-09	5e-09	8	713	15625000000	14565210.0	False	29.961517333984375	
Dart	5372695	3.1415925984	-1.6e-09	5e-09	8	714	15625000000	2693686.0	False	5.512068271636963	
Dart	2874665	3.1415925952	-4.8e-09	5e-09	8	715	15625000000	46071583.0	False	92.5282473564148	
Dart	4002559	3.1415926001	1e-10	5e-09	8	716	15625000000	1243363.0	False	2.5848424434661865	
Dart	2306087	3.1415925986	-1.4e-09	5e-09	8	717	15625000000	605074.0	False	1.2366440296173096	
Dart	289445	3.1415926028	2.8e-09	5e-09	8	718	15625000000	1087013.0	False	2.2455382347106934	
Dart	237419	3.1415926032	3.2e-09	5e-09	8	719	15625000000	3181282.0	False	6.375082969665527	
Dart	3461089	3.1415925951	-4.9e-09	5e-09	8	720	15625000000	14775921.0	False	29.521613359451294	
Dart	8839076	3.1415925977	-2.3e-09	5e-09	8	721	15625000000	137147.0	False	0.27625036239624023	
Dart	8970025	3.141592603	3e-09	5e-09	8	722	15625000000	418221.0	False	0.8639647960662842	
Dart	5190415	3.1415925953	-4.7e-09	5e-09	8	723	15625000000	20585116.0	False	41.29608178138733	
Dart	1941009	3.1415926004	4e-10	5e-09	8	724	15625000000	2323596.0	False	4.8293843269348145	
Dart	1585553	3.1415925972	-2.8e-09	5e-09	8	725	15625000000	10626968.0	False	21.314863204956055	
Dart	6269698	3.1415926033	3.3e-09	5e-09	8	726	15625000000	1256019.0	False	2.5944480895996094	
Dart	4850604	3.1415925983	-1.7e-09	5e-09	8	727	15625000000	549492.0	False	1.1418204307556152	
Dart	2813793	3.1415926016	1.6e-09	5e-09	8	728	15625000000	27593066.0	False	55.1649854183197	
Dart	9628336	3.1415926042	4.2e-09	5e-09	8	729	15625000000	251927.0	False	0.5062644481658936	
Dart	5941726	3.1415926031	3.1e-09	5e-09	8	730	15625000000	502046.0	False	1.0334093570709229	
Dart	3476836	3.1415925964	-3.6e-09	5e-09	8	731	15625000000	1119995.0	False	2.270944595336914	
Dart	1334985	3.1415926007	7e-10	5e-09	8	732	15625000000	359927.0	False	0.7267343997955322	
Dart	1045512	3.1415926026	2.6e-09	5e-09	8	733	15625000000	417769.0	False	0.8573935031890869	
Dart	235296	3.1415925953	-4.7e-09	5e-09	8	734	15625000000	108904.0	False	0.22421479225158691	
Dart	6114005	3.1415925973	-2.7e-09	5e-09	8	735	15625000000	219164.0	False	0.447676420211792	
Dart	6894793	3.1415926019	1.9e-09	5e-09	8	736	15625000000	889312.0	False	1.8194639682769775	
Dart	9436274	3.1415925961	-3.9e-09	5e-09	8	737	15625000000	982396.0	False	1.950537919998169	
Dart	5819688	3.1415926032	3.2e-09	5e-09	8	738	15625000000	223232.0	False	0.45250511169433594	
Dart	137576	3.1415925988	-1.2e-09	5e-09	8	739	15625000000	38122155.0	False	76.30520749092102	
Dart	3988790	3.1415925967	-3.3e-09	5e-09	8	740	15625000000	82017.0	False	0.16790080070495605	
Dart	6146090	3.1415926048	4.8e-09	5e-09	8	741	15625000000	1009516.0	False	2.0785210132598877	
Dart	578538	3.1415925977	-2.3e-09	5e-09	8	742	15625000000	137147.0	False	0.28137969970703125	
Dart	1149736	3.1415926049	4.9e-09	5e-09	8	743	15625000000	3058147.0	False	6.307539701461792	
Dart	8060588	3.1415925984	-1.6e-09	5e-09	8	744	15625000000	4425083.0	False	9.120599746704102	
Dart	6401523	3.1415925967	-3.3e-09	5e-09	8	745	15625000000	546780.0	False	1.1341936588287354	
Dart	1943710	3.1415925968	-3.2e-09	5e-09	8	746	15625000000	469578322.0	False	936.5999183654785	
Dart	199560	3.1415925992	-8e-10	5e-09	8	747	15625000000	2507285.0	False	5.061529159545898	
Dart	2165933	3.1415926023	2.3e-09	5e-09	8	748	15625000000	1196369.0	False	2.476473331451416	
Dart	1001667	3.1415926043	4.3e-09	5e-09	8	749	15625000000	727990.0	False	1.4760394096374512	
Dart	4263904	3.1415925982	-1.8e-09	5e-09	8	750	15625000000	384554.0	False	0.781329870223999	
Dart	9682701	3.1415925955	-4.5e-09	5e-09	8	751	15625000000	2315679.0	False	4.795458555221558	
Dart	5432837	3.1415925972	-2.8e-09	5e-09	8	752	15625000000	5942507.0	False	11.817906856536865	
Dart	2267631	3.1415926042	4.2e-09	5e-09	8	753	15625000000	3135192.0	False	6.295410633087158	
Dart	7778191	3.1415925967	-3.3e-09	5e-09	8	754	15625000000	246051.0	False	0.5001509189605713	
Dart	1465811	3.1415925962	-3.8e-09	5e-09	8	755	15625000000	1610741.0	False	3.2254271507263184	
Dart	1894128	3.1415925967	-3.3e-09	5e-09	8	756	15625000000	54678.0	False	0.11071300506591797	
Dart	3743280	3.1415925951	-4.9e-09	5e-09	8	757	15625000000	329012036.0	False	657.6380293369293	
Dart	860970	3.1415926019	1.9e-09	5e-09	8	758	15625000000	138955.0	False	0.2801494598388672	
Dart	6727094	3.1415926034	3.4e-09	5e-09	8	759	15625000000	35100979.0	False	69.9316201210022	
Dart	8023776	3.1415925953	-4.7e-09	5e-09	8	760	15625000000	2749939.0	False	5.550274848937988	
Dart	7504567	3.1415925958	-4.2e-09	5e-09	8	761	15625000000	11833938.0	False	23.72344160079956	
Dart	7240294	3.1415926004	4e-10	5e-09	8	762	15625000000	7081500.0	False	14.576916694641113	
Dart	4878071	3.1415926016	1.6e-09	5e-09	8	763	15625000000	9828974.0	False	19.66818618774414	
Dart	5813185	3.1415926032	3.2e-09	5e-09	8	764	15625000000	11274572.0	False	22.4590482711792	
Dart	5688737	3.1415926028	2.8e-09	5e-09	8	765	15625000000	5239624.0	False	10.42384934425354	
Dart	7254917	3.141592596	-4e-09	5e-09	8	766	15625000000	887151416.0	False	1765.8037388324738	
Dart	8357179	3.1415926038	3.8e-09	5e-09	8	767	15625000000	754877.0	False	1.54653000831604	
Dart	7091838	3.141592598	-2e-09	5e-09	8	768	15625000000	768656.0	False	1.5931715965270996	
Dart	1024715	3.1415926017	1.7e-09	5e-09	8	769	15625000000	638741.0	False	1.3107447624206543	
Dart	6898519	3.1415925995	-5e-10	5e-09	8	770	15625000000	1075713.0	False	2.141350746154785	
Dart	2445539	3.1415925986	-1.4e-09	5e-09	8	771	15625000000	385006.0	False	0.7890570163726807	
Dart	2723652	3.141612959	2.0359e-05	5e-09	8	772	15625000000	15625000000.0	True	32261.484184026718	
Dart	5819730	3.141592598	-2e-09	5e-09	8	773	15625000000	2114143.0	False	4.218937397003174	
Dart	4837464	3.1415925971	-2.9e-09	5e-09	8	774	15625000000	301181.0	False	0.6048262119293213	
Dart	6396173	3.141592601	1e-09	5e-09	8	775	15625000000	1274770.0	False	2.548647403717041	
Dart	6710180	3.1415925997	-3e-10	5e-09	8	776	15625000000	579543.0	False	1.19102144241333	
Dart	7983436	3.1415925951	-4.9e-09	5e-09	8	777	15625000000	2339854.0	False	4.663924694061279	
Dart	8714768	3.1415925975	-2.5e-09	5e-09	8	778	15625000000	1096272.0	False	2.2333102226257324	
Dart	1776670	3.1415925973	-2.7e-09	5e-09	8	779	15625000000	438328.0	False	0.8745803833007812	
Dart	6940586	3.1415925962	-3.8e-09	5e-09	8	780	15625000000	327616.0	False	0.6618733406066895	
Dart	2726524	3.141592601	1e-09	5e-09	8	781	15625000000	304797.0	False	0.619351863861084	
Dart	3333753	3.1415925974	-2.6e-09	5e-09	8	782	15625000000	383650.0	False	0.7634677886962891	
Dart	6659707	3.1415926033	3.3e-09	5e-09	8	783	15625000000	530289.0	False	1.0755858421325684	
Dart	3865331	3.1415926017	1.7e-09	5e-09	8	784	15625000000	638741.0	False	1.304063081741333	
Dart	174236	3.1415926016	1.6e-09	5e-09	8	785	15625000000	388622.0	False	0.7750744819641113	
Dart	3945549	3.1415925961	-3.9e-09	5e-09	8	786	15625000000	245599.0	False	0.49747157096862793	
Dart	7256142	3.1415926038	3.8e-09	5e-09	8	787	15625000000	782668.0	False	1.5717394351959229	
Dart	7720060	3.1415925969	-3.1e-09	5e-09	8	788	15625000000	574571.0	False	1.146989107131958	
Dart	6382104	3.1415926002	2e-10	5e-09	8	789	15625000000	165842.0	False	0.34018945693969727	
Dart	3071647	3.1415926017	1.7e-09	5e-09	8	790	15625000000	1832850.0	False	3.658522367477417	
Dart	3875976	3.1415926036	3.6e-09	5e-09	8	791	15625000000	167650.0	False	0.34480714797973633	
Dart	9664100	3.1415926044	4.4e-09	5e-09	8	792	15625000000	588131.0	False	1.1865200996398926	
Dart	7072934	3.1415925986	-1.4e-09	5e-09	8	793	15625000000	30340237.0	False	62.42487573623657	
Dart	6949217	3.1415925967	-3.3e-09	5e-09	8	794	15625000000	109356.0	False	0.22251129150390625	
Dart	6557573	3.1415925954	-4.6e-09	5e-09	8	795	15625000000	1361526.0	False	2.713853359222412	
Dart	1721313	3.1415925973	-2.7e-09	5e-09	8	796	15625000000	122812953.0	False	244.06450080871582	
Dart	3728111	3.141592596	-4e-09	5e-09	8	797	15625000000	463859.0	False	0.9426252841949463	
Dart	8454433	3.1415925964	-3.6e-09	5e-09	8	798	15625000000	573667.0	False	1.1677391529083252	
Dart	5049972	3.1415926049	4.9e-09	5e-09	8	799	15625000000	953934.0	False	1.979304552078247	
Dart	4114402	3.1415926001	1e-10	5e-09	8	800	15625000000	2707698.0	False	5.387913227081299	
