sampleId	piHat	numThrows	numThrowsLmt	isCensored	seedInit	OFerror	signifDigits	runtime	solverName	
1	3.1	27.0	500	FALSE	4818901	0.030481488888888908	2	8.893013000488281e-05	Dart	
2	3.2	53.0	500	FALSE	666046	0.028218720754717097	2	0.00025391578674316406	Dart	
3	3.1	9.0	500	FALSE	681056	0.030481488888888908	2	3.1948089599609375e-05	Dart	
4	3.2	72.0	500	FALSE	5294427	0.02507406666666645	2	0.0002200603485107422	Dart	
5	3.1	9.0	500	FALSE	5949208	0.030481488888888908	2	3.0994415283203125e-05	Dart	
6	3.1	89.0	500	FALSE	4216127	0.040469004494382066	2	0.00027108192443847656	Dart	
7	3.1	9.0	500	FALSE	7825352	0.030481488888888908	2	3.1948089599609375e-05	Dart	
8	3.1	23.0	500	FALSE	4428027	0.011157817391304281	2	0.0001537799835205078	Dart	
9	3.1	102.0	500	FALSE	8581264	0.04355338431372546	2	0.00025200843811035156	Dart	
10	3.1	9.0	500	FALSE	3695276	0.030481488888888908	2	2.574920654296875e-05	Dart	
11	3.2	33.0	500	FALSE	1911796	0.009922551515151312	2	8.392333984375e-05	Dart	
12	3.1	14.0	500	FALSE	7814990	0.0012645428571427253	2	3.790855407714844e-05	Dart	
13	3.1	53.0	500	FALSE	5669484	0.04725297735849043	2	0.00013113021850585938	Dart	
14	3.1	14.0	500	FALSE	76235	0.0012645428571427253	2	3.790855407714844e-05	Dart	
15	3.2	221.0	500	FALSE	3098663	0.04392776199094994	2	0.0005700588226318359	Dart	
16	3.1	9.0	500	FALSE	205474	0.030481488888888908	2	2.5987625122070312e-05	Dart	
17	3.1	9.0	500	FALSE	4008732	0.030481488888888908	2	2.6226043701171875e-05	Dart	
18	3.1	9.0	500	FALSE	2623798	0.030481488888888908	2	2.574920654296875e-05	Dart	
19	3.1	9.0	500	FALSE	4754990	0.030481488888888908	2	2.47955322265625e-05	Dart	
20	3.1	37.0	500	FALSE	9232857	0.006457464864864981	2	9.512901306152344e-05	Dart	
21	3.2	58.0	500	FALSE	1900181	0.03082119310344833	2	0.00014400482177734375	Dart	
22	3.2	88.0	500	FALSE	1344364	0.04022558181818159	2	0.00021791458129882812	Dart	
23	3.1	9.0	500	FALSE	8524134	0.030481488888888908	2	2.5987625122070312e-05	Dart	
24	3.2	29.0	500	FALSE	8177188	0.03082119310344833	2	7.295608520507812e-05	Dart	
25	3.1	9.0	500	FALSE	4507957	0.030481488888888908	2	2.5033950805664062e-05	Dart	
26	3.1	14.0	500	FALSE	7940862	0.0012645428571427253	2	3.886222839355469e-05	Dart	
27	3.1	23.0	500	FALSE	3453305	0.011157817391304281	2	6.079673767089844e-05	Dart	
28	3.1	40.0	500	FALSE	6528351	0.04159259999999998	2	0.00010085105895996094	Dart	
29	3.1	9.0	500	FALSE	3225899	0.030481488888888908	2	2.5033950805664062e-05	Dart	
30	3.1	9.0	500	FALSE	7095205	0.030481488888888908	2	2.5272369384765625e-05	Dart	
31	3.2	484.0	500	FALSE	6256450	0.04849004462809914	2	0.0025310516357421875	Dart	
32	3.1	36.0	500	FALSE	2298676	0.030481488888888908	2	0.00028586387634277344	Dart	
33	3.1	27.0	500	FALSE	5498399	0.030481488888888908	2	0.00015783309936523438	Dart	
34	3.1	9.0	500	FALSE	426138	0.030481488888888908	2	5.412101745605469e-05	Dart	
35	3.1	9.0	500	FALSE	3269731	0.030481488888888908	2	4.601478576660156e-05	Dart	
36	3.2	39.0	500	FALSE	603636	0.037894579487179225	2	9.799003601074219e-05	Dart	
37	3.1	14.0	500	FALSE	2451437	0.0012645428571427253	2	3.600120544433594e-05	Dart	
38	3.2	83.0	500	FALSE	9216356	0.03913029156626502	2	0.00021409988403320312	Dart	
39	3.1	36.0	500	FALSE	7554638	0.030481488888888908	2	8.296966552734375e-05	Dart	
40	3.1	40.0	500	FALSE	8465623	0.04159259999999998	2	9.512901306152344e-05	Dart	
41	3.1	9.0	500	FALSE	5274061	0.030481488888888908	2	8.320808410644531e-05	Dart	
42	3.1	23.0	500	FALSE	7103899	0.011157817391304281	2	0.00017905235290527344	Dart	
43	3.1	9.0	500	FALSE	8625542	0.030481488888888908	2	0.0001800060272216797	Dart	
44	3.1	67.0	500	FALSE	6429522	0.03711498805970148	2	0.0012388229370117188	Dart	
45	3.1	23.0	500	FALSE	3036164	0.011157817391304281	2	0.00013709068298339844	Dart	
46	3.1	27.0	500	FALSE	6765502	0.030481488888888908	2	0.00012803077697753906	Dart	
47	3.2	91.0	500	FALSE	8111161	0.023242564835164625	2	0.0002181529998779297	Dart	
48	3.1	9.0	500	FALSE	4550787	0.030481488888888908	2	2.3126602172851562e-05	Dart	
49	3.1	18.0	500	FALSE	4615582	0.030481488888888908	2	4.1961669921875e-05	Dart	
50	3.2	57.0	500	FALSE	7455837	0.01630213684210524	2	0.0001232624053955078	Dart	
51	3.2	63.0	500	FALSE	1521863	0.03301057460317436	2	0.00013518333435058594	Dart	
52	3.2	29.0	500	FALSE	631086	0.03082119310344833	2	6.389617919921875e-05	Dart	
53	3.1	9.0	500	FALSE	2069720	0.030481488888888908	2	2.2172927856445312e-05	Dart	
54	3.1	23.0	500	FALSE	9064400	0.011157817391304281	2	5.0067901611328125e-05	Dart	
55	3.2	19.0	500	FALSE	3654219	0.01630213684210524	2	4.315376281738281e-05	Dart	
56	3.1	9.0	500	FALSE	6859997	0.030481488888888908	2	2.09808349609375e-05	Dart	
57	3.1	9.0	500	FALSE	3039749	0.030481488888888908	2	2.09808349609375e-05	Dart	
58	3.1	9.0	500	FALSE	2725603	0.030481488888888908	2	2.2172927856445312e-05	Dart	
59	3.1	14.0	500	FALSE	9769658	0.0012645428571427253	2	3.719329833984375e-05	Dart	
60	3.1	18.0	500	FALSE	9693949	0.030481488888888908	2	4.076957702636719e-05	Dart	
61	3.1	9.0	500	FALSE	8581315	0.030481488888888908	2	2.09808349609375e-05	Dart	
62	3.1	9.0	500	FALSE	4515549	0.030481488888888908	2	2.2172927856445312e-05	Dart	
63	3.1	9.0	500	FALSE	23158	0.030481488888888908	2	2.193450927734375e-05	Dart	
64	3.1	9.0	500	FALSE	1371391	0.030481488888888908	2	2.2172927856445312e-05	Dart	
65	3.1	9.0	500	FALSE	8831377	0.030481488888888908	2	2.193450927734375e-05	Dart	
66	3.2	19.0	500	FALSE	6541617	0.01630213684210524	2	4.291534423828125e-05	Dart	
67	3.1	45.0	500	FALSE	4378944	0.030481488888888908	2	9.703636169433594e-05	Dart	
68	3.1	9.0	500	FALSE	5607378	0.030481488888888908	2	2.09808349609375e-05	Dart	
69	3.1	27.0	500	FALSE	314752	0.030481488888888908	2	5.888938903808594e-05	Dart	
70	3.1	31.0	500	FALSE	3787959	0.04481840645161306	2	6.794929504394531e-05	Dart	
71	3.1	31.0	500	FALSE	7138593	0.04481840645161306	2	6.890296936035156e-05	Dart	
72	3.1	18.0	500	FALSE	661917	0.030481488888888908	2	4.1961669921875e-05	Dart	
73	3.2	39.0	500	FALSE	3037645	0.037894579487179225	2	8.487701416015625e-05	Dart	
74	3.1	89.0	500	FALSE	6961140	0.040469004494382066	2	0.000186920166015625	Dart	
75	3.2	98.0	500	FALSE	3586407	0.042080869387755016	2	0.00020694732666015625	Dart	
76	3.1	128.0	500	FALSE	5996146	0.04784260000000007	2	0.00027108192443847656	Dart	
77	3.1	23.0	500	FALSE	7896110	0.011157817391304281	2	5.1021575927734375e-05	Dart	
78	3.2	118.0	500	FALSE	7962904	0.044848077966101574	2	0.00025010108947753906	Dart	
79	3.1	58.0	500	FALSE	4042194	0.03814432413793112	2	0.00012230873107910156	Dart	
80	3.1	18.0	500	FALSE	2459440	0.030481488888888908	2	3.981590270996094e-05	Dart	
81	3.1	45.0	500	FALSE	6450500	0.030481488888888908	2	9.608268737792969e-05	Dart	
82	3.1	9.0	500	FALSE	2390836	0.030481488888888908	2	2.09808349609375e-05	Dart	
83	3.1	9.0	500	FALSE	5848213	0.030481488888888908	2	2.3126602172851562e-05	Dart	
84	3.1	18.0	500	FALSE	6675597	0.030481488888888908	2	4.100799560546875e-05	Dart	
85	3.2	82.0	500	FALSE	6716268	0.029139107317073254	2	0.00034999847412109375	Dart	
86	3.2	438.0	500	FALSE	3638237	0.045622011872146206	2	0.0012929439544677734	Dart	
87	3.1	9.0	500	FALSE	7037965	0.030481488888888908	2	2.5033950805664062e-05	Dart	
88	3.2	482.0	500	FALSE	6708470	0.045129391701244526	2	0.0015878677368164062	Dart	
89	3.1	9.0	500	FALSE	6340239	0.030481488888888908	2	2.6226043701171875e-05	Dart	
90	3.2	79.0	500	FALSE	5268712	0.04828081772151904	2	0.00028967857360839844	Dart	
91	3.2	43.0	500	FALSE	5309218	0.02119809767441838	2	0.00012683868408203125	Dart	
92	3.1	14.0	500	FALSE	9664757	0.0012645428571427253	2	3.910064697265625e-05	Dart	
93	3.2	39.0	500	FALSE	6066221	0.037894579487179225	2	9.012222290039062e-05	Dart	
94	3.1	9.0	500	FALSE	7410997	0.030481488888888908	2	2.4080276489257812e-05	Dart	
95	3.1	89.0	500	FALSE	9408465	0.040469004494382066	2	0.0002048015594482422	Dart	
96	3.1	18.0	500	FALSE	1140078	0.030481488888888908	2	4.100799560546875e-05	Dart	
97	3.2	220.0	500	FALSE	5780682	0.04022558181818159	2	0.0015659332275390625	Dart	
98	3.1	31.0	500	FALSE	2146852	0.04481840645161306	2	8.702278137207031e-05	Dart	
99	3.1	9.0	500	FALSE	990139	0.030481488888888908	2	3.1948089599609375e-05	Dart	
100	3.14	112.0	1000	FALSE	7425796	0.0012645428571427253	3	0.0005660057067871094	Dart	
101	3.14	14.0	1000	FALSE	5354956	0.0012645428571427253	3	5.078315734863281e-05	Dart	
102	3.14	42.0	1000	FALSE	1876524	0.0012645428571427253	3	0.00024127960205078125	Dart	
103	3.14	28.0	1000	FALSE	1892517	0.0012645428571427253	3	0.0024302005767822266	Dart	
104	3.14	468.0	1000	FALSE	6636674	0.004840463247863358	3	0.0014538764953613281	Dart	
105	3.14	218.0	1000	FALSE	9112510	0.0039779211009176585	3	0.0004668235778808594	Dart	
106	3.14	14.0	1000	FALSE	1654377	0.0012645428571427253	3	3.314018249511719e-05	Dart	
107	3.14	42.0	1000	FALSE	4251360	0.0012645428571427253	3	9.083747863769531e-05	Dart	
108	3.14	28.0	1000	FALSE	5639316	0.0012645428571427253	3	6.079673767089844e-05	Dart	
109	3.15	515.0	1000	FALSE	6929850	0.0040384679611649155	3	0.0010840892791748047	Dart	
110	3.14	14.0	1000	FALSE	2775721	0.0012645428571427253	3	3.1948089599609375e-05	Dart	
111	3.14	28.0	1000	FALSE	6870356	0.0012645428571427253	3	6.103515625e-05	Dart	
112	3.14	158.0	1000	FALSE	9366960	0.0023520936708862905	3	0.0004010200500488281	Dart	
113	3.14	14.0	1000	FALSE	5761383	0.0012645428571427253	3	3.504753112792969e-05	Dart	
114	3.14	14.0	1000	FALSE	1022179	0.0012645428571427253	3	3.2901763916015625e-05	Dart	
115	3.14	28.0	1000	FALSE	2875983	0.0012645428571427253	3	6.198883056640625e-05	Dart	
116	3.14	126.0	1000	FALSE	7248287	0.0012645428571427253	3	0.0003838539123535156	Dart	
117	3.15	389.0	1000	FALSE	8070345	0.0049369629820050775	3	0.0014688968658447266	Dart	
118	3.14	28.0	1000	FALSE	7390213	0.0012645428571427253	3	9.083747863769531e-05	Dart	
119	3.14	14.0	1000	FALSE	7250972	0.0012645428571427253	3	4.696846008300781e-05	Dart	
120	3.14	65.0	1000	FALSE	8854891	0.0031310615384616547	3	0.00020003318786621094	Dart	
121	3.14	42.0	1000	FALSE	7676631	0.0012645428571427253	3	0.0002276897430419922	Dart	
122	3.14	145.0	1000	FALSE	8028503	0.0032349862068965507	3	0.0003521442413330078	Dart	
123	3.14	42.0	1000	FALSE	8001524	0.0012645428571427253	3	0.00010514259338378906	Dart	
124	3.15	468.0	1000	FALSE	4943148	0.0037065452991451586	3	0.0012331008911132812	Dart	
125	3.14	14.0	1000	FALSE	967505	0.0012645428571427253	3	4.291534423828125e-05	Dart	
126	3.14	28.0	1000	FALSE	8372025	0.0012645428571427253	3	7.200241088867188e-05	Dart	
127	3.14	107.0	1000	FALSE	4379780	0.0014056841121496966	3	0.0002608299255371094	Dart	
128	3.14	51.0	1000	FALSE	8993156	0.004337698039215798	3	0.0001251697540283203	Dart	
129	3.14	28.0	1000	FALSE	3507259	0.0012645428571427253	3	7.081031799316406e-05	Dart	
130	3.14	149.0	1000	FALSE	2374070	0.0006530026845639192	3	0.00035881996154785156	Dart	
131	3.15	89.0	1000	FALSE	6053458	0.004474815730337145	3	0.0002181529998779297	Dart	
132	3.14	14.0	1000	FALSE	9406089	0.0012645428571427253	3	3.719329833984375e-05	Dart	
133	3.14	65.0	1000	FALSE	9413151	0.0031310615384616547	3	0.0001590251922607422	Dart	
134	3.14	56.0	1000	FALSE	8846264	0.0012645428571427253	3	0.00013899803161621094	Dart	
135	3.14	28.0	1000	FALSE	5340195	0.0012645428571427253	3	7.081031799316406e-05	Dart	
136	3.14	14.0	1000	FALSE	791761	0.0012645428571427253	3	3.695487976074219e-05	Dart	
137	3.14	56.0	1000	FALSE	9190554	0.0012645428571427253	3	0.0001380443572998047	Dart	
138	3.14	98.0	1000	FALSE	972959	0.0012645428571427253	3	0.00030303001403808594	Dart	
139	3.14	126.0	1000	FALSE	6474895	0.0012645428571427253	3	0.000263214111328125	Dart	
140	3.14	334.0	1000	FALSE	8888551	0.003868049101796611	3	0.0006940364837646484	Dart	
141	3.14	14.0	1000	FALSE	1507018	0.0012645428571427253	3	3.1948089599609375e-05	Dart	
142	3.14	14.0	1000	FALSE	945625	0.0012645428571427253	3	3.1948089599609375e-05	Dart	
143	3.14	190.0	1000	FALSE	630425	0.004750494736842192	3	0.0003941059112548828	Dart	
144	3.14	14.0	1000	FALSE	9008870	0.0012645428571427253	3	3.1948089599609375e-05	Dart	
145	3.14	14.0	1000	FALSE	5391796	0.0012645428571427253	3	3.1948089599609375e-05	Dart	
146	3.14	14.0	1000	FALSE	1296899	0.0012645428571427253	3	3.1948089599609375e-05	Dart	
147	3.14	158.0	1000	FALSE	5583838	0.0023520936708862905	3	0.0005970001220703125	Dart	
148	3.14	14.0	1000	FALSE	2296151	0.0012645428571427253	3	6.008148193359375e-05	Dart	
149	3.14	14.0	1000	FALSE	7937091	0.0012645428571427253	3	5.91278076171875e-05	Dart	
150	3.14	98.0	1000	FALSE	3754541	0.0012645428571427253	3	0.00037384033203125	Dart	
151	3.14	14.0	1000	FALSE	4578061	0.0012645428571427253	3	5.793571472167969e-05	Dart	
152	3.14	121.0	1000	FALSE	1052606	0.001096732231404829	3	0.00045490264892578125	Dart	
153	3.14	28.0	1000	FALSE	9300747	0.0012645428571427253	3	0.00011110305786132812	Dart	
154	3.14	70.0	1000	FALSE	5598609	0.0012645428571427253	3	0.00026798248291015625	Dart	
155	3.14	28.0	1000	FALSE	8882216	0.0012645428571427253	3	0.00011014938354492188	Dart	
156	3.14	70.0	1000	FALSE	8450938	0.0012645428571427253	3	0.00021219253540039062	Dart	
157	3.14	28.0	1000	FALSE	3220723	0.0012645428571427253	3	8.988380432128906e-05	Dart	
158	3.14	84.0	1000	FALSE	2963537	0.0012645428571427253	3	0.0002560615539550781	Dart	
159	3.14	51.0	1000	FALSE	2675155	0.004337698039215798	3	0.0001590251922607422	Dart	
160	3.14	28.0	1000	FALSE	8776235	0.0012645428571427253	3	9.083747863769531e-05	Dart	
161	3.14	14.0	1000	FALSE	7673198	0.0012645428571427253	3	4.7206878662109375e-05	Dart	
162	3.14	14.0	1000	FALSE	5961025	0.0012645428571427253	3	4.982948303222656e-05	Dart	
163	3.14	28.0	1000	FALSE	5105376	0.0012645428571427253	3	8.797645568847656e-05	Dart	
164	3.14	283.0	1000	FALSE	8699027	0.003783412720848034	3	0.0008409023284912109	Dart	
165	3.14	219.0	1000	FALSE	3255034	4.008858447512864e-05	3	0.0005319118499755859	Dart	
166	3.14	417.0	1000	FALSE	7658276	0.004901952517985642	3	0.0010077953338623047	Dart	
167	3.14	144.0	1000	FALSE	8616300	0.002703711111111229	3	0.00035119056701660156	Dart	
168	3.14	93.0	1000	FALSE	7228398	0.0018076537634410528	3	0.0002257823944091797	Dart	
169	3.14	14.0	1000	FALSE	2630507	0.0012645428571427253	3	3.695487976074219e-05	Dart	
170	3.14	126.0	1000	FALSE	627021	0.0012645428571427253	3	0.00030803680419921875	Dart	
171	3.14	28.0	1000	FALSE	2148068	0.0012645428571427253	3	7.009506225585938e-05	Dart	
172	3.14	14.0	1000	FALSE	8204557	0.0012645428571427253	3	3.719329833984375e-05	Dart	
173	3.14	498.0	1000	FALSE	5263957	0.0010303510040161612	3	0.0012259483337402344	Dart	
174	3.14	116.0	1000	FALSE	2352159	0.003661565517241616	3	0.00028228759765625	Dart	
175	3.14	283.0	1000	FALSE	9760617	0.003783412720848034	3	0.0006780624389648438	Dart	
176	3.14	56.0	1000	FALSE	6718034	0.0012645428571427253	3	0.0001361370086669922	Dart	
177	3.14	14.0	1000	FALSE	6858467	0.0012645428571427253	3	3.6716461181640625e-05	Dart	
178	3.14	14.0	1000	FALSE	3643581	0.0012645428571427253	3	3.719329833984375e-05	Dart	
179	3.14	51.0	1000	FALSE	155580	0.004337698039215798	3	0.00012493133544921875	Dart	
180	3.14	14.0	1000	FALSE	6663811	0.0012645428571427253	3	5.316734313964844e-05	Dart	
181	3.14	42.0	1000	FALSE	2339185	0.0012645428571427253	3	0.00011801719665527344	Dart	
182	3.14	14.0	1000	FALSE	2266919	0.0012645428571427253	3	3.2901763916015625e-05	Dart	
183	3.14	459.0	1000	FALSE	1231992	0.004337698039215798	3	0.0009899139404296875	Dart	
184	3.14	589.0	1000	FALSE	7384960	0.0040713775891343396	3	0.0012509822845458984	Dart	
185	3.14	14.0	1000	FALSE	1007843	0.0012645428571427253	3	3.409385681152344e-05	Dart	
186	3.14	42.0	1000	FALSE	4701268	0.0012645428571427253	3	9.012222290039062e-05	Dart	
187	3.14	306.0	1000	FALSE	8817525	0.004337698039215798	3	0.0006430149078369141	Dart	
188	3.14	14.0	1000	FALSE	2479096	0.0012645428571427253	3	3.1948089599609375e-05	Dart	
189	3.14	42.0	1000	FALSE	7524951	0.0012645428571427253	3	9.083747863769531e-05	Dart	
190	3.14	70.0	1000	FALSE	4442699	0.0012645428571427253	3	0.0001480579376220703	Dart	
191	3.14	177.0	1000	FALSE	7995751	0.00034966214689280406	3	0.00036907196044921875	Dart	
192	3.14	42.0	1000	FALSE	4775291	0.0012645428571427253	3	0.0001380443572998047	Dart	
193	3.14	51.0	1000	FALSE	5171832	0.004337698039215798	3	0.00021195411682128906	Dart	
194	3.14	201.0	1000	FALSE	872666	0.0026860069651739593	3	0.0007781982421875	Dart	
195	3.14	28.0	1000	FALSE	9008523	0.0012645428571427253	3	9.489059448242188e-05	Dart	
196	3.14	241.0	1000	FALSE	1154551	0.004663139419087248	3	0.0006051063537597656	Dart	
197	3.14	14.0	1000	FALSE	10782	0.0012645428571427253	3	4.00543212890625e-05	Dart	
198	3.14	14.0	1000	FALSE	8975014	0.0012645428571427253	3	4.00543212890625e-05	Dart	
199	3.14	751.0	1000	FALSE	5411580	0.004442133954726923	3	0.001821279525756836	Dart	
200	3.142	1235.0	5000	FALSE	2642771	0.00010780485829942066	4	0.0028731822967529297	Dart	
201	3.141	191.0	5000	FALSE	8171252	0.000231343455497246	4	0.0004010200500488281	Dart	
202	3.142	536.0	5000	FALSE	5604956	0.00019844477611918876	4	0.0011150836944580078	Dart	
203	3.141	191.0	5000	FALSE	2826912	0.000231343455497246	4	0.0003986358642578125	Dart	
204	3.141	517.0	5000	FALSE	4084028	0.0003933736943908528	4	0.0010721683502197266	Dart	
205	3.142	261.0	5000	FALSE	7781498	0.00016985210727948896	4	0.0005481243133544922	Dart	
206	3.142	3734.0	5000	FALSE	8771810	0.00034633947509377094	4	0.008044004440307617	Dart	
207	3.142	261.0	5000	FALSE	3564009	0.00016985210727948896	4	0.0005490779876708984	Dart	
208	3.141	410.0	5000	FALSE	3886982	0.0001291853658536013	4	0.0008640289306640625	Dart	
209	3.142	4706.0	5000	FALSE	3140490	7.113803654901218e-05	4	0.010168075561523438	Dart	
210	3.142	606.0	5000	FALSE	3164522	0.00032159141914167577	4	0.001291036605834961	Dart	
211	3.142	303.0	5000	FALSE	7627345	0.00032159141914167577	4	0.0006430149078369141	Dart	
212	3.141	163.0	5000	FALSE	1673023	0.0004883055214723875	4	0.0003437995910644531	Dart	
213	3.142	247.0	5000	FALSE	3072317	0.00010780485829942066	4	0.0005178451538085938	Dart	
214	3.142	303.0	5000	FALSE	3110503	0.00032159141914167577	4	0.0006301403045654297	Dart	
215	3.142	345.0	5000	FALSE	1400198	0.0004363855072462286	4	0.0007367134094238281	Dart	
216	3.142	3435.0	5000	FALSE	6030474	0.00018323697234334801	4	0.009157896041870117	Dart	
217	3.142	438.0	5000	FALSE	8639377	4.008858447512864e-05	4	0.001107931137084961	Dart	
218	3.141	1155.0	5000	FALSE	5302661	0.0004670588744590809	4	0.002929210662841797	Dart	
219	3.141	326.0	5000	FALSE	5073738	0.0004883055214723875	4	0.0007138252258300781	Dart	
220	3.141	1281.0	5000	FALSE	4833791	0.0002967373926621164	4	0.003061056137084961	Dart	
221	3.141	955.0	5000	FALSE	5232408	0.000231343455497246	4	0.002105712890625	Dart	
222	3.142	2344.0	5000	FALSE	5113021	4.562525597284761e-05	4	0.005697965621948242	Dart	
223	3.142	620.0	5000	FALSE	2819616	0.0003428838709678139	4	0.001306772232055664	Dart	
224	3.141	177.0	5000	FALSE	8529935	0.00034966214689280406	4	0.000370025634765625	Dart	
225	3.142	606.0	5000	FALSE	1012020	0.00032159141914167577	4	0.0012791156768798828	Dart	
226	3.141	489.0	5000	FALSE	4483884	0.0004883055214723875	4	0.0010838508605957031	Dart	
227	3.142	233.0	5000	FALSE	3553528	3.8301287553554886e-05	4	0.0005071163177490234	Dart	
228	3.142	732.0	5000	FALSE	7544214	0.0004839027322405265	4	0.0015549659729003906	Dart	
229	3.142	233.0	5000	FALSE	6945683	3.8301287553554886e-05	4	0.0004901885986328125	Dart	
230	3.141	992.0	5000	FALSE	6572747	0.0004635677419355666	4	0.0021288394927978516	Dart	
231	3.141	163.0	5000	FALSE	3284270	0.0004883055214723875	4	0.00034427642822265625	Dart	
232	3.141	503.0	5000	FALSE	5188309	0.0004395184890655379	4	0.0010628700256347656	Dart	
233	3.141	3442.0	5000	FALSE	6149701	0.0003956214991283069	4	0.007448911666870117	Dart	
234	3.142	718.0	5000	FALSE	6704734	0.0004686813370473608	4	0.0015170574188232422	Dart	
235	3.142	522.0	5000	FALSE	4117150	0.00016985210727948896	4	0.0012123584747314453	Dart	
236	3.142	247.0	5000	FALSE	6009022	0.00010780485829942066	4	0.0005199909210205078	Dart	
237	3.142	1058.0	5000	FALSE	1181461	0.00018433761814717897	4	0.0022268295288085938	Dart	
238	3.141	1160.0	5000	FALSE	8047329	0.0002132896551723107	4	0.0024750232696533203	Dart	
239	3.142	359.0	5000	FALSE	7507795	0.0004686813370473608	4	0.0008020401000976562	Dart	
240	3.141	177.0	5000	FALSE	2140940	0.00034966214689280406	4	0.00043082237243652344	Dart	
241	3.142	578.0	5000	FALSE	1692729	0.00027591211072675037	4	0.0013968944549560547	Dart	
242	3.142	1477.0	5000	FALSE	9732759	8.955328368331905e-05	4	0.004007101058959961	Dart	
243	3.142	345.0	5000	FALSE	6457580	0.0004363855072462286	4	0.0010330677032470703	Dart	
244	3.142	648.0	5000	FALSE	446912	0.00038270864197542664	4	0.001956939697265625	Dart	
245	3.141	1216.0	5000	FALSE	4589732	0.00014523157894741345	4	0.0032460689544677734	Dart	
246	3.142	620.0	5000	FALSE	7936186	0.0003428838709678139	4	0.001500844955444336	Dart	
247	3.141	4974.0	5000	FALSE	3432728	0.00045870373944500997	4	0.014402151107788086	Dart	
248	3.142	2498.0	5000	FALSE	8273711	0.00012077069655713757	4	0.006348133087158203	Dart	
249	3.142	233.0	5000	FALSE	6336711	3.8301287553554886e-05	4	0.0005776882171630859	Dart	
250	3.141	382.0	5000	FALSE	5657564	0.000231343455497246	4	0.0009331703186035156	Dart	
251	3.141	2785.0	5000	FALSE	2362676	0.0004794940754040411	4	0.006764888763427734	Dart	
252	3.141	163.0	5000	FALSE	72159	0.0004883055214723875	4	0.00034308433532714844	Dart	
253	3.141	1160.0	5000	FALSE	5143394	0.0002132896551723107	4	0.0024750232696533203	Dart	
254	3.142	438.0	5000	FALSE	9096702	4.008858447512864e-05	4	0.0009741783142089844	Dart	
255	3.141	326.0	5000	FALSE	3610874	0.0004883055214723875	4	0.0006928443908691406	Dart	
256	3.141	163.0	5000	FALSE	5466983	0.0004883055214723875	4	0.00034499168395996094	Dart	
257	3.141	368.0	5000	FALSE	6596887	0.0002882521739131505	4	0.0009081363677978516	Dart	
258	3.141	517.0	5000	FALSE	7785967	0.0003933736943908528	4	0.0010907649993896484	Dart	
259	3.142	592.0	5000	FALSE	2366701	0.00029929189189203953	4	0.0012333393096923828	Dart	
260	3.142	648.0	5000	FALSE	7618024	0.00038270864197542664	4	0.001386880874633789	Dart	
261	3.141	177.0	5000	FALSE	4572591	0.00034966214689280406	4	0.0003719329833984375	Dart	
262	3.141	559.0	5000	FALSE	8864243	0.0002688075134167356	4	0.0012629032135009766	Dart	
263	3.141	163.0	5000	FALSE	595440	0.0004883055214723875	4	0.00034499168395996094	Dart	
264	3.141	382.0	5000	FALSE	3306554	0.000231343455497246	4	0.0008037090301513672	Dart	
265	3.141	1062.0	5000	FALSE	3410904	0.00034966214689280406	4	0.0024030208587646484	Dart	
266	3.141	163.0	5000	FALSE	8050179	0.0004883055214723875	4	0.0003452301025390625	Dart	
267	3.142	303.0	5000	FALSE	1725565	0.00032159141914167577	4	0.0006310939788818359	Dart	
268	3.142	219.0	5000	FALSE	2594543	4.008858447512864e-05	4	0.00045990943908691406	Dart	
269	3.142	317.0	5000	FALSE	8131745	0.0003632359621450476	4	0.0006730556488037109	Dart	
270	3.142	247.0	5000	FALSE	7844695	0.00010780485829942066	4	0.0005240440368652344	Dart	
271	3.141	191.0	5000	FALSE	2367556	0.000231343455497246	4	0.0004050731658935547	Dart	
272	3.142	578.0	5000	FALSE	50087	0.00027591211072675037	4	0.0012068748474121094	Dart	
273	3.142	452.0	5000	FALSE	1633545	3.203539824525592e-07	4	0.0009479522705078125	Dart	
274	3.142	2718.0	5000	FALSE	7095298	0.0004235883738044066	4	0.005733966827392578	Dart	
275	3.142	466.0	5000	FALSE	809276	3.8301287553554886e-05	4	0.0011010169982910156	Dart	
276	3.142	657.0	5000	FALSE	5948480	4.008858447512864e-05	4	0.0014121532440185547	Dart	
277	3.142	1818.0	5000	FALSE	5664094	0.00032159141914167577	4	0.0038290023803710938	Dart	
278	3.141	750.0	5000	FALSE	6079693	0.00025926666666675757	4	0.0015702247619628906	Dart	
279	3.141	177.0	5000	FALSE	7871983	0.00034966214689280406	4	0.0005202293395996094	Dart	
280	3.141	191.0	5000	FALSE	4530143	0.000231343455497246	4	0.0004000663757324219	Dart	
281	3.142	275.0	5000	FALSE	2338800	0.00022558181818155276	4	0.0010318756103515625	Dart	
282	3.141	163.0	5000	FALSE	7379137	0.0004883055214723875	4	0.0006232261657714844	Dart	
283	3.141	191.0	5000	FALSE	4996221	0.000231343455497246	4	0.0007140636444091797	Dart	
284	3.141	1374.0	5000	FALSE	7499056	0.00039900465793296647	4	0.004462003707885742	Dart	
285	3.141	410.0	5000	FALSE	9340268	0.0001291853658536013	4	0.001237630844116211	Dart	
286	3.141	205.0	5000	FALSE	2473574	0.0001291853658536013	4	0.0006263256072998047	Dart	
287	3.141	177.0	5000	FALSE	7973869	0.00034966214689280406	4	0.0005407333374023438	Dart	
288	3.142	275.0	5000	FALSE	2984047	0.00022558181818155276	4	0.0007171630859375	Dart	
289	3.142	718.0	5000	FALSE	2359975	0.0004686813370473608	4	0.0017771720886230469	Dart	
290	3.141	708.0	5000	FALSE	9846017	0.00034966214689280406	4	0.0017399787902832031	Dart	
291	3.141	191.0	5000	FALSE	6415705	0.000231343455497246	4	0.0004730224609375	Dart	
292	3.141	354.0	5000	FALSE	7320827	0.00034966214689280406	4	0.0008759498596191406	Dart	
293	3.141	191.0	5000	FALSE	889478	0.000231343455497246	4	0.0004673004150390625	Dart	
294	3.141	177.0	5000	FALSE	1551393	0.00034966214689280406	4	0.0006530284881591797	Dart	
295	3.141	177.0	5000	FALSE	154604	0.00034966214689280406	4	0.00043010711669921875	Dart	
296	3.142	480.0	5000	FALSE	4496063	7.406666666653905e-05	4	0.0010190010070800781	Dart	
297	3.142	247.0	5000	FALSE	2343435	0.00010780485829942066	4	0.0005998611450195312	Dart	
298	3.142	289.0	5000	FALSE	56676	0.00027591211072675037	4	0.000701904296875	Dart	
299	3.142	4550.0	5000	FALSE	1876036	0.0003854219780219381	4	0.010387897491455078	Dart	
300	3.1416	466.0	20000	FALSE	4019307	3.8301287553554886e-05	5	0.0011363029479980469	Dart	
301	3.1416	904.0	20000	FALSE	5155791	3.203539824525592e-07	5	0.0021910667419433594	Dart	
302	3.1416	219.0	20000	FALSE	8205319	4.008858447512864e-05	5	0.0004918575286865234	Dart	
303	3.1416	904.0	20000	FALSE	5177305	3.203539824525592e-07	5	0.0027260780334472656	Dart	
304	3.1416	1794.0	20000	FALSE	4189619	9.545373467201301e-06	5	0.004670143127441406	Dart	
305	3.1416	685.0	20000	FALSE	4419738	1.3239416058130615e-05	5	0.0016789436340332031	Dart	
306	3.1416	5112.0	20000	FALSE	1624644	3.4943035993606486e-05	5	0.012406110763549805	Dart	
307	3.1416	1328.0	20000	FALSE	4755945	2.63349397591206e-05	5	0.0038368701934814453	Dart	
308	3.1416	5051.0	20000	FALSE	731010	3.647250049487738e-05	5	0.011794090270996094	Dart	
309	3.1416	1850.0	20000	FALSE	1590626	2.9021621621438953e-05	5	0.003955841064453125	Dart	
310	3.1416	6887.0	20000	FALSE	2837110	2.1524059822919384e-05	5	0.014677047729492188	Dart	
311	3.1416	671.0	20000	FALSE	5339813	1.2868256333842254e-05	5	0.0014340877532958984	Dart	
312	3.1416	3863.0	20000	FALSE	9929201	7.19290706685527e-06	5	0.009392738342285156	Dart	
313	3.1416	466.0	20000	FALSE	6233481	3.8301287553554886e-05	5	0.0012862682342529297	Dart	
314	3.1416	1985.0	20000	FALSE	605821	3.08871536525146e-05	5	0.004806995391845703	Dart	
315	3.1416	1398.0	20000	FALSE	1926783	3.8301287553554886e-05	5	0.003247976303100586	Dart	
316	3.1416	3700.0	20000	FALSE	1943486	2.9021621621438953e-05	5	0.007875204086303711	Dart	
317	3.1416	2917.0	20000	FALSE	2772399	8.781007884817171e-06	5	0.006257295608520508	Dart	
318	3.1415	10894.0	20000	FALSE	2251322	4.679496970805275e-05	5	0.02388596534729004	Dart	
319	3.1416	452.0	20000	FALSE	7477291	3.203539824525592e-07	5	0.0009510517120361328	Dart	
320	3.1416	1328.0	20000	FALSE	3378984	2.63349397591206e-05	5	0.002779245376586914	Dart	
321	3.1416	233.0	20000	FALSE	5432596	3.8301287553554886e-05	5	0.0004820823669433594	Dart	
322	3.1416	904.0	20000	FALSE	584271	3.203539824525592e-07	5	0.0022230148315429688	Dart	
323	3.1416	19734.0	20000	FALSE	7839136	9.545373467201301e-06	5	0.04728507995605469	Dart	
324	3.1416	13108.0	20000	FALSE	1610804	3.203539824525592e-07	5	0.036405086517333984	Dart	
325	3.1416	438.0	20000	FALSE	8703264	4.008858447512864e-05	5	0.0018031597137451172	Dart	
326	3.1416	438.0	20000	FALSE	1720253	4.008858447512864e-05	5	0.001811981201171875	Dart	
327	3.1416	466.0	20000	FALSE	1811493	3.8301287553554886e-05	5	0.0011532306671142578	Dart	
328	3.1416	219.0	20000	FALSE	6437103	4.008858447512864e-05	5	0.0005559921264648438	Dart	
329	3.1416	5121.0	20000	FALSE	7415795	1.8688654559895213e-05	5	0.011765003204345703	Dart	
330	3.1416	452.0	20000	FALSE	6366095	3.203539824525592e-07	5	0.0012700557708740234	Dart	
331	3.1416	2698.0	20000	FALSE	2959098	6.239733135515735e-06	5	0.007297992706298828	Dart	
332	3.1416	5256.0	20000	FALSE	6292002	4.008858447512864e-05	5	0.013093233108520508	Dart	
333	3.1416	2521.0	20000	FALSE	1602579	1.7872034906663004e-05	5	0.006179094314575195	Dart	
334	3.1416	6393.0	20000	FALSE	5073525	3.1517566088101745e-05	5	0.018194198608398438	Dart	
335	3.1416	1328.0	20000	FALSE	935912	2.63349397591206e-05	5	0.004848003387451172	Dart	
336	3.1416	932.0	20000	FALSE	6943688	3.8301287553554886e-05	5	0.0020351409912109375	Dart	
337	3.1415	2614.0	20000	FALSE	2877502	4.707589900521114e-05	5	0.006060123443603516	Dart	
338	3.1416	5256.0	20000	FALSE	3097139	4.008858447512864e-05	5	0.014267206192016602	Dart	
339	3.1416	876.0	20000	FALSE	7083009	4.008858447512864e-05	5	0.0020110607147216797	Dart	
340	3.1416	8649.0	20000	FALSE	6658600	4.227108336207763e-05	5	0.020370960235595703	Dart	
341	3.1416	452.0	20000	FALSE	866325	3.203539824525592e-07	5	0.000949859619140625	Dart	
342	3.1416	219.0	20000	FALSE	1327731	4.008858447512864e-05	5	0.0004611015319824219	Dart	
343	3.1416	3821.0	20000	FALSE	5845558	6.62774142901057e-06	5	0.009034156799316406	Dart	
344	3.1416	2218.0	20000	FALSE	2013828	2.361893597857545e-05	5	0.006061077117919922	Dart	
345	3.1416	233.0	20000	FALSE	9087292	3.8301287553554886e-05	5	0.0007150173187255859	Dart	
346	3.1416	1850.0	20000	FALSE	9463715	2.9021621621438953e-05	5	0.006151914596557617	Dart	
347	3.1415	10880.0	20000	FALSE	281622	4.848235294119263e-05	5	0.02470707893371582	Dart	
348	3.1416	1370.0	20000	FALSE	264916	1.3239416058130615e-05	5	0.0031440258026123047	Dart	
349	3.1416	3672.0	20000	FALSE	8191767	1.960043572957204e-05	5	0.008462667465209961	Dart	
350	3.1416	3588.0	20000	FALSE	4420568	9.545373467201301e-06	5	0.008906841278076172	Dart	
351	3.1416	904.0	20000	FALSE	7469539	3.203539824525592e-07	5	0.0022211074829101562	Dart	
352	3.1416	1095.0	20000	FALSE	7696062	4.008858447512864e-05	5	0.0026941299438476562	Dart	
353	3.1416	1971.0	20000	FALSE	831377	4.008858447512864e-05	5	0.0061948299407958984	Dart	
354	3.1416	2861.0	20000	FALSE	1758363	3.370450891315713e-05	5	0.0088958740234375	Dart	
355	3.1416	7502.0	20000	FALSE	2647224	3.0349933351381253e-05	5	0.017773151397705078	Dart	
356	3.1416	1356.0	20000	FALSE	1426394	3.203539824525592e-07	5	0.004273891448974609	Dart	
357	3.1416	1780.0	20000	FALSE	3539559	1.9566292134953756e-05	5	0.003849029541015625	Dart	
358	3.1415	15670.0	20000	FALSE	2558519	4.824773452449804e-05	5	0.03389620780944824	Dart	
359	3.1416	657.0	20000	FALSE	9811423	4.008858447512864e-05	5	0.001435995101928711	Dart	
360	3.1416	2782.0	20000	FALSE	8967580	3.213040977723125e-05	5	0.007527828216552734	Dart	
361	3.1416	1617.0	20000	FALSE	2033978	2.768447742740321e-05	5	0.004506111145019531	Dart	
362	3.1416	7339.0	20000	FALSE	7113332	2.017868919468313e-05	5	0.01901388168334961	Dart	
363	3.1416	219.0	20000	FALSE	1737715	4.008858447512864e-05	5	0.00045800209045410156	Dart	
364	3.1416	932.0	20000	FALSE	8417838	3.8301287553554886e-05	5	0.0019440650939941406	Dart	
365	3.1416	1356.0	20000	FALSE	703334	3.203539824525592e-07	5	0.0029370784759521484	Dart	
366	3.1416	9366.0	20000	FALSE	5224277	1.6687123638892132e-05	5	0.019922971725463867	Dart	
367	3.1416	18556.0	20000	FALSE	256272	3.275029101112992e-05	5	0.04106712341308594	Dart	
368	3.1416	890.0	20000	FALSE	8667499	1.9566292134953756e-05	5	0.0026960372924804688	Dart	
369	3.1416	452.0	20000	FALSE	4375418	3.203539824525592e-07	5	0.0013611316680908203	Dart	
370	3.1416	5685.0	20000	FALSE	6022576	8.103605980469553e-06	5	0.012310981750488281	Dart	
371	3.1415	5228.0	20000	FALSE	4370298	4.707589900521114e-05	5	0.011185169219970703	Dart	
372	3.1416	233.0	20000	FALSE	7765834	3.8301287553554886e-05	5	0.000492095947265625	Dart	
373	3.1416	219.0	20000	FALSE	6285577	4.008858447512864e-05	5	0.0004611015319824219	Dart	
374	3.1416	10489.0	20000	FALSE	4243208	1.570992468291621e-05	5	0.022644996643066406	Dart	
375	3.1416	438.0	20000	FALSE	5156387	4.008858447512864e-05	5	0.0016660690307617188	Dart	
376	3.1416	219.0	20000	FALSE	6349745	4.008858447512864e-05	5	0.0008299350738525391	Dart	
377	3.1416	219.0	20000	FALSE	5599245	4.008858447512864e-05	5	0.0007622241973876953	Dart	
378	3.1416	4315.0	20000	FALSE	8606854	6.473001158635583e-06	5	0.011862993240356445	Dart	
379	3.1416	3779.0	20000	FALSE	9191340	2.0755596718657898e-05	5	0.00987696647644043	Dart	
380	3.1416	12483.0	20000	FALSE	4227604	4.008858447512864e-05	5	0.03351020812988281	Dart	
381	3.1416	1533.0	20000	FALSE	8956688	4.008858447512864e-05	5	0.0035958290100097656	Dart	
382	3.1416	15731.0	20000	FALSE	9353141	2.4994634797437243e-05	5	0.03373599052429199	Dart	
383	3.1415	8704.0	20000	FALSE	7119813	4.848235294119263e-05	5	0.020706653594970703	Dart	
384	3.1416	1878.0	20000	FALSE	4121703	4.744259850886223e-05	5	0.004287004470825195	Dart	
385	3.1416	657.0	20000	FALSE	7474124	4.008858447512864e-05	5	0.001852273941040039	Dart	
386	3.1416	219.0	20000	FALSE	6065644	4.008858447512864e-05	5	0.0005881786346435547	Dart	
387	3.1416	11244.0	20000	FALSE	9219201	5.976022767750777e-06	5	0.030045270919799805	Dart	
388	3.1416	1533.0	20000	FALSE	3175383	4.008858447512864e-05	5	0.004867076873779297	Dart	
389	3.1416	14454.0	20000	FALSE	2455772	4.008858447512864e-05	5	0.03381085395812988	Dart	
390	3.1416	932.0	20000	FALSE	1693339	3.8301287553554886e-05	5	0.0019719600677490234	Dart	
391	3.1416	452.0	20000	FALSE	4282166	3.203539824525592e-07	5	0.000949859619140625	Dart	
392	3.1416	10284.0	20000	FALSE	5486188	1.3447919097853145e-05	5	0.023940086364746094	Dart	
393	3.1416	2917.0	20000	FALSE	8964341	8.781007884817171e-06	5	0.009785175323486328	Dart	
394	3.1416	2642.0	20000	FALSE	7567724	3.317532172619764e-05	5	0.00712895393371582	Dart	
395	3.1416	657.0	20000	FALSE	2714887	4.008858447512864e-05	5	0.0016620159149169922	Dart	
396	3.1416	699.0	20000	FALSE	8271847	3.8301287553554886e-05	5	0.0019011497497558594	Dart	
397	3.1416	904.0	20000	FALSE	7497684	3.203539824525592e-07	5	0.0022389888763427734	Dart	
398	3.1416	4627.0	20000	FALSE	9682829	3.219368921536514e-05	5	0.013514041900634766	Dart	
399	3.1416	438.0	20000	FALSE	2939453	4.008858447512864e-05	5	0.0015330314636230469	Dart	
400	3.14159	2027.0	50000	FALSE	2193477	4.045485940018523e-06	6	0.004857063293457031	Dart	
401	3.1416	29245.0	50000	FALSE	4364190	4.2541631048997886e-06	6	0.06609487533569336	Dart	
402	3.14159	4054.0	50000	FALSE	158391	4.045485940018523e-06	6	0.009285688400268555	Dart	
403	3.14159	452.0	50000	FALSE	4713991	3.203539824525592e-07	6	0.0009398460388183594	Dart	
404	3.14159	452.0	50000	FALSE	9819713	3.203539824525592e-07	6	0.0010800361633300781	Dart	
405	3.14159	20708.0	50000	FALSE	9299468	4.807842379772609e-06	6	0.04445791244506836	Dart	
406	3.14159	904.0	50000	FALSE	6822925	3.203539824525592e-07	6	0.0020949840545654297	Dart	
407	3.14159	5205.0	50000	FALSE	4573538	2.0205571567011305e-06	6	0.010868072509765625	Dart	
408	3.14159	452.0	50000	FALSE	385270	3.203539824525592e-07	6	0.0009467601776123047	Dart	
409	3.1416	4534.0	50000	FALSE	373855	4.223996470820168e-06	6	0.011009931564331055	Dart	
410	3.1416	15410.0	50000	FALSE	8820447	3.765996106519509e-06	6	0.0360260009765625	Dart	
411	3.14159	2260.0	50000	FALSE	1748917	3.203539824525592e-07	6	0.005609035491943359	Dart	
412	3.14159	5643.0	50000	FALSE	7029058	1.2478823321337984e-06	6	0.014247894287109375	Dart	
413	3.14159	8341.0	50000	FALSE	9558309	2.8625584462815823e-06	6	0.02291727066040039	Dart	
414	3.14159	6314.0	50000	FALSE	191127	2.482800126824003e-06	6	0.015632152557373047	Dart	
415	3.14159	26873.0	50000	FALSE	4935139	6.675771220265858e-07	6	0.06524801254272461	Dart	
416	3.14159	2027.0	50000	FALSE	253974	4.045485940018523e-06	6	0.005223274230957031	Dart	
417	3.14159	10368.0	50000	FALSE	5436785	3.0938271606828494e-06	6	0.02523517608642578	Dart	
418	3.14159	452.0	50000	FALSE	6775720	3.203539824525592e-07	6	0.0009589195251464844	Dart	
419	3.14159	12847.0	50000	FALSE	2817829	3.12385770984136e-06	6	0.027604103088378906	Dart	
420	3.14159	5177.0	50000	FALSE	8707716	4.807842379772609e-06	6	0.010850906372070312	Dart	
421	3.14159	20983.0	50000	FALSE	5154768	1.7883906018312246e-06	6	0.05350828170776367	Dart	
422	3.14159	452.0	50000	FALSE	9193727	3.203539824525592e-07	6	0.0009441375732421875	Dart	
423	3.1416	9068.0	50000	FALSE	5615199	4.223996470820168e-06	6	0.019327878952026367	Dart	
424	3.1416	2041.0	50000	FALSE	6866335	4.656246937795316e-06	6	0.004259824752807617	Dart	
425	3.1416	24026.0	50000	FALSE	3510928	4.0036793471642795e-06	6	0.05420088768005371	Dart	
426	3.14159	7656.0	50000	FALSE	2054339	4.303239289349392e-06	6	0.017301082611083984	Dart	
427	3.1416	47134.0	50000	FALSE	8441066	3.699910892329683e-06	6	0.11313199996948242	Dart	
428	3.14159	5862.0	50000	FALSE	2093674	2.6989423407286495e-06	6	0.013524055480957031	Dart	
429	3.1416	19725.0	50000	FALSE	9174983	4.358174904961487e-06	6	0.04955005645751953	Dart	
430	3.14159	904.0	50000	FALSE	5856057	3.203539824525592e-07	6	0.002084016799926758	Dart	
431	3.14159	11258.0	50000	FALSE	2166332	4.396056137778714e-06	6	0.026772022247314453	Dart	
432	3.1416	2945.0	50000	FALSE	6937706	3.3252971136654708e-06	6	0.006561994552612305	Dart	
433	3.14159	4287.0	50000	FALSE	3858456	1.7439234896166056e-06	6	0.009872198104858398	Dart	
434	3.14159	2260.0	50000	FALSE	5673395	3.203539824525592e-07	6	0.004958152770996094	Dart	
435	3.14159	10587.0	50000	FALSE	4260892	3.859091338487275e-06	6	0.022767066955566406	Dart	
436	3.14159	5629.0	50000	FALSE	5333807	4.396056137778714e-06	6	0.012604951858520508	Dart	
437	3.14159	4301.0	50000	FALSE	7175237	2.3779121134381853e-06	6	0.01007986068725586	Dart	
438	3.14159	1808.0	50000	FALSE	4822222	3.203539824525592e-07	6	0.003987789154052734	Dart	
439	3.14159	23709.0	50000	FALSE	293135	7.994179425097059e-07	6	0.05292797088623047	Dart	
440	3.14159	4972.0	50000	FALSE	4005509	3.203539824525592e-07	6	0.010789871215820312	Dart	
441	3.1416	3397.0	50000	FALSE	3961243	2.9254636442210824e-06	6	0.007657051086425781	Dart	
442	3.14159	10820.0	50000	FALSE	2350702	2.9512014787513863e-06	6	0.031186819076538086	Dart	
443	3.14159	1808.0	50000	FALSE	9799247	3.203539824525592e-07	6	0.004412174224853516	Dart	
444	3.14159	452.0	50000	FALSE	4340337	3.203539824525592e-07	6	0.0009636878967285156	Dart	
445	3.14159	3616.0	50000	FALSE	484799	3.203539824525592e-07	6	0.010648965835571289	Dart	
446	3.14159	6109.0	50000	FALSE	4314780	1.7689638238671535e-06	6	0.016691923141479492	Dart	
447	3.14159	9231.0	50000	FALSE	9576253	4.473036507413042e-06	6	0.0244140625	Dart	
448	3.14159	1808.0	50000	FALSE	1085162	3.203539824525592e-07	6	0.0047740936279296875	Dart	
449	3.14159	7656.0	50000	FALSE	2058287	4.303239289349392e-06	6	0.017317771911621094	Dart	
450	3.14159	5643.0	50000	FALSE	7277675	1.2478823321337984e-06	6	0.015555858612060547	Dart	
451	3.14159	12889.0	50000	FALSE	6821278	1.0069516642730036e-06	6	0.03467202186584473	Dart	
452	3.14159	18038.0	50000	FALSE	60483	2.623284177882823e-06	6	0.04017186164855957	Dart	
453	3.14159	13504.0	50000	FALSE	128162	4.922274881469235e-06	6	0.031230926513671875	Dart	
454	3.1416	19492.0	50000	FALSE	2283930	3.952431766762743e-06	6	0.0485689640045166	Dart	
455	3.14159	904.0	50000	FALSE	5756721	3.203539824525592e-07	6	0.0018961429595947266	Dart	
456	3.14159	11272.0	50000	FALSE	1757035	2.8200141946044255e-06	6	0.02938389778137207	Dart	
457	3.14159	2027.0	50000	FALSE	8556990	4.045485940018523e-06	6	0.0044498443603515625	Dart	
458	3.14159	2260.0	50000	FALSE	1651	3.203539824525592e-07	6	0.004804134368896484	Dart	
459	3.14159	2027.0	50000	FALSE	6497771	4.045485940018523e-06	6	0.0043218135833740234	Dart	
460	3.1416	24916.0	50000	FALSE	1024998	3.161759511982609e-06	6	0.06049704551696777	Dart	
461	3.1416	43271.0	50000	FALSE	7749289	3.388075154209247e-06	6	0.09681391716003418	Dart	
462	3.14159	2712.0	50000	FALSE	5164126	3.203539824525592e-07	6	0.006755828857421875	Dart	
463	3.1416	3397.0	50000	FALSE	7633162	2.9254636442210824e-06	6	0.009462833404541016	Dart	
464	3.14159	4506.0	50000	FALSE	5231677	3.6075454947770424e-06	6	0.015985965728759766	Dart	
465	3.14159	4739.0	50000	FALSE	5577692	1.5470352394686415e-06	6	0.010057926177978516	Dart	
466	3.14159	5643.0	50000	FALSE	6480270	1.2478823321337984e-06	6	0.014928102493286133	Dart	
467	3.1416	4986.0	50000	FALSE	1763863	3.870116325632722e-06	6	0.011601924896240234	Dart	
468	3.14159	7232.0	50000	FALSE	9344089	3.203539824525592e-07	6	0.01573014259338379	Dart	
469	3.14159	3164.0	50000	FALSE	1245865	3.203539824525592e-07	6	0.006676197052001953	Dart	
470	3.1416	11999.0	50000	FALSE	8171244	2.532927743992275e-06	6	0.02646017074584961	Dart	
471	3.14159	18765.0	50000	FALSE	5272101	7.919531039846106e-07	6	0.04286527633666992	Dart	
472	3.14159	2931.0	50000	FALSE	4530003	2.6989423407286495e-06	6	0.006286144256591797	Dart	
473	3.14159	452.0	50000	FALSE	1013548	3.203539824525592e-07	6	0.0009899139404296875	Dart	
474	3.14159	5177.0	50000	FALSE	347577	4.807842379772609e-06	6	0.010815858840942383	Dart	
475	3.14159	6095.0	50000	FALSE	8557608	1.1315832648683966e-06	6	0.015416145324707031	Dart	
476	3.14159	2027.0	50000	FALSE	2823104	4.045485940018523e-06	6	0.004312038421630859	Dart	
477	3.14159	452.0	50000	FALSE	3301465	3.203539824525592e-07	6	0.0009992122650146484	Dart	
478	3.14159	15573.0	50000	FALSE	3081978	1.3844345985170037e-06	6	0.03313612937927246	Dart	
479	3.14159	19231.0	50000	FALSE	9057411	1.7008683896868604e-06	6	0.04172801971435547	Dart	
480	3.14159	2479.0	50000	FALSE	2608035	3.2494554256246033e-06	6	0.005295991897583008	Dart	
481	3.14159	4054.0	50000	FALSE	1087235	4.045485940018523e-06	6	0.008666753768920898	Dart	
482	3.14159	904.0	50000	FALSE	6503444	3.203539824525592e-07	6	0.0019459724426269531	Dart	
483	3.14159	4506.0	50000	FALSE	1132202	3.6075454947770424e-06	6	0.011632919311523438	Dart	
484	3.14159	28392.0	50000	FALSE	2208552	3.4199492815467636e-06	6	0.0683279037475586	Dart	
485	3.14159	11533.0	50000	FALSE	1364269	1.0876788345548505e-06	6	0.024613142013549805	Dart	
486	3.1416	6342.0	50000	FALSE	7594231	3.1111321350252297e-06	6	0.013727903366088867	Dart	
487	3.1416	3397.0	50000	FALSE	3971671	2.9254636442210824e-06	6	0.007447957992553711	Dart	
488	3.14159	4287.0	50000	FALSE	6401833	1.7439234896166056e-06	6	0.010222196578979492	Dart	
489	3.14159	26789.0	50000	FALSE	4534994	4.6347903990273664e-06	6	0.0636301040649414	Dart	
490	3.14159	7903.0	50000	FALSE	9977112	7.994179425097059e-07	6	0.01685786247253418	Dart	
491	3.14159	1356.0	50000	FALSE	9815778	3.203539824525592e-07	6	0.002869129180908203	Dart	
492	3.1416	31929.0	50000	FALSE	5252621	2.8148266464356198e-06	6	0.06905293464660645	Dart	
493	3.14159	1356.0	50000	FALSE	6181853	3.203539824525592e-07	6	0.002817869186401367	Dart	
494	3.1416	33779.0	50000	FALSE	4622476	4.25011397586772e-06	6	0.07755208015441895	Dart	
495	3.1416	9753.0	50000	FALSE	1867609	4.857192658747067e-06	6	0.026521682739257812	Dart	
496	3.14159	6314.0	50000	FALSE	6451975	2.482800126824003e-06	6	0.01683211326599121	Dart	
497	3.14159	4506.0	50000	FALSE	4525462	3.6075454947770424e-06	6	0.010724782943725586	Dart	
498	3.14159	27325.0	50000	FALSE	2180194	6.512351329313049e-07	6	0.05919003486633301	Dart	
499	3.14159	3164.0	50000	FALSE	5975751	3.203539824525592e-07	6	0.006697893142700195	Dart	
500	3.141593	2712.0	100000	FALSE	9176298	3.203539824525592e-07	7	0.005809307098388672	Dart	
501	3.141593	26435.0	100000	FALSE	7430055	1.4412710580558041e-08	7	0.05756425857543945	Dart	
502	3.141593	15820.0	100000	FALSE	5983842	3.203539824525592e-07	7	0.03843092918395996	Dart	
503	3.141592	57595.0	100000	FALSE	4600151	4.479034640958446e-07	7	0.13049912452697754	Dart	
504	3.141593	2712.0	100000	FALSE	7765685	3.203539824525592e-07	7	0.006804943084716797	Dart	
505	3.141593	1356.0	100000	FALSE	6504811	3.203539824525592e-07	7	0.0033369064331054688	Dart	
506	3.141593	2260.0	100000	FALSE	9231757	3.203539824525592e-07	7	0.005070209503173828	Dart	
507	3.141593	2260.0	100000	FALSE	301507	3.203539824525592e-07	7	0.0046999454498291016	Dart	
508	3.141592	21682.0	100000	FALSE	8833488	4.959505579549273e-07	7	0.05143094062805176	Dart	
509	3.141592	19655.0	100000	FALSE	3026576	1.2989061293211535e-07	7	0.04288816452026367	Dart	
510	3.141592	58732.0	100000	FALSE	2330105	2.8235374260887625e-07	7	0.130845308303833	Dart	
511	3.141593	1356.0	100000	FALSE	9439556	3.203539824525592e-07	7	0.0029039382934570312	Dart	
512	3.141593	31859.0	100000	FALSE	6794207	4.2581373982386594e-08	7	0.07706904411315918	Dart	
513	3.141593	2260.0	100000	FALSE	1509705	3.203539824525592e-07	7	0.005846977233886719	Dart	
514	3.141593	1808.0	100000	FALSE	1545282	3.203539824525592e-07	7	0.003821134567260742	Dart	
515	3.141593	3616.0	100000	FALSE	8862509	3.203539824525592e-07	7	0.0077419281005859375	Dart	
516	3.141593	14464.0	100000	FALSE	4055269	3.203539824525592e-07	7	0.030807018280029297	Dart	
517	3.141593	9944.0	100000	FALSE	6345005	3.203539824525592e-07	7	0.022108793258666992	Dart	
518	3.141593	13108.0	100000	FALSE	5281654	3.203539824525592e-07	7	0.027887821197509766	Dart	
519	3.141592	35694.0	100000	FALSE	5259879	1.755028855576768e-07	7	0.07657504081726074	Dart	
520	3.141593	30955.0	100000	FALSE	7471240	3.4469390897129415e-08	7	0.07015872001647949	Dart	
521	3.141593	3164.0	100000	FALSE	8714883	3.203539824525592e-07	7	0.0066182613372802734	Dart	
522	3.141593	904.0	100000	FALSE	1785673	3.203539824525592e-07	7	0.0019359588623046875	Dart	
523	3.141593	43844.0	100000	FALSE	561012	3.203539824525592e-07	7	0.09775304794311523	Dart	
524	3.141593	6328.0	100000	FALSE	1384820	3.203539824525592e-07	7	0.014065980911254883	Dart	
525	3.141592	27558.0	100000	FALSE	7324161	3.218956381445537e-07	7	0.06791496276855469	Dart	
526	3.141593	452.0	100000	FALSE	9128934	3.203539824525592e-07	7	0.0009481906890869141	Dart	
527	3.141593	1356.0	100000	FALSE	2452965	3.203539824525592e-07	7	0.0028836727142333984	Dart	
528	3.141593	22367.0	100000	FALSE	347888	7.529843060183339e-08	7	0.056027889251708984	Dart	
529	3.141593	4520.0	100000	FALSE	8431087	3.203539824525592e-07	7	0.0106658935546875	Dart	
530	3.141593	2712.0	100000	FALSE	5754745	3.203539824525592e-07	7	0.005794048309326172	Dart	
531	3.141593	48364.0	100000	FALSE	815873	3.203539824525592e-07	7	0.10605883598327637	Dart	
532	3.141593	904.0	100000	FALSE	1743227	3.203539824525592e-07	7	0.001898050308227539	Dart	
533	3.141593	61691.0	100000	FALSE	4028670	1.7690424858329834e-07	7	0.14325785636901855	Dart	
534	3.141592	16943.0	100000	FALSE	4262837	2.0195951133672452e-07	7	0.04178786277770996	Dart	
535	3.141592	23038.0	100000	FALSE	8240603	4.479034640958446e-07	7	0.05543017387390137	Dart	
536	3.141592	11519.0	100000	FALSE	1473080	4.479034640958446e-07	7	0.027561187744140625	Dart	
537	3.141592	32749.0	100000	FALSE	5133933	4.903172614589835e-07	7	0.08130192756652832	Dart	
538	3.141592	37502.0	100000	FALSE	2803250	1.5159724808810893e-07	7	0.0874319076538086	Dart	
539	3.141593	904.0	100000	FALSE	5546873	3.203539824525592e-07	7	0.002215862274169922	Dart	
540	3.141593	10396.0	100000	FALSE	1944512	3.203539824525592e-07	7	0.023634910583496094	Dart	
541	3.141593	64403.0	100000	FALSE	1850956	1.8294489390058288e-07	7	0.14978718757629395	Dart	
542	3.141593	4068.0	100000	FALSE	3576879	3.203539824525592e-07	7	0.01126718521118164	Dart	
543	3.141593	904.0	100000	FALSE	1078098	3.203539824525592e-07	7	0.002778768539428711	Dart	
544	3.141593	1808.0	100000	FALSE	6022459	3.203539824525592e-07	7	0.005088090896606445	Dart	
545	3.141593	904.0	100000	FALSE	6266143	3.203539824525592e-07	7	0.0020151138305664062	Dart	
546	3.141593	3164.0	100000	FALSE	1178777	3.203539824525592e-07	7	0.006761789321899414	Dart	
547	3.141593	1808.0	100000	FALSE	2446714	3.203539824525592e-07	7	0.003760099411010742	Dart	
548	3.141593	9040.0	100000	FALSE	4475195	3.203539824525592e-07	7	0.018959760665893555	Dart	
549	3.141593	904.0	100000	FALSE	2645285	3.203539824525592e-07	7	0.0023980140686035156	Dart	
550	3.141593	904.0	100000	FALSE	188256	3.203539824525592e-07	7	0.0026738643646240234	Dart	
551	3.141593	77511.0	100000	FALSE	1495496	2.061823480836722e-07	7	0.1753978729248047	Dart	
552	3.141593	452.0	100000	FALSE	7975154	3.203539824525592e-07	7	0.0013880729675292969	Dart	
553	3.141593	4972.0	100000	FALSE	4890031	3.203539824525592e-07	7	0.01215505599975586	Dart	
554	3.141592	15587.0	100000	FALSE	2882171	2.4739847326316067e-07	7	0.03687715530395508	Dart	
555	3.141592	11519.0	100000	FALSE	3511546	4.479034640958446e-07	7	0.02959895133972168	Dart	
556	3.141593	904.0	100000	FALSE	7524624	3.203539824525592e-07	7	0.0025701522827148438	Dart	
557	3.141593	75251.0	100000	FALSE	6549856	2.027534518056484e-07	7	0.17402911186218262	Dart	
558	3.141593	5424.0	100000	FALSE	5747589	3.203539824525592e-07	7	0.01143026351928711	Dart	
559	3.141592	22134.0	100000	FALSE	7664493	4.79280744425381e-07	7	0.051483154296875	Dart	
560	3.141592	26202.0	100000	FALSE	9233040	3.551331961837434e-07	7	0.056780099868774414	Dart	
561	3.141593	452.0	100000	FALSE	746559	3.203539824525592e-07	7	0.0009500980377197266	Dart	
562	3.141593	74347.0	100000	FALSE	7797066	2.0132352362978168e-07	7	0.16458702087402344	Dart	
563	3.141593	91975.0	100000	FALSE	6383947	2.2413699385381847e-07	7	0.2266068458557129	Dart	
564	3.141592	23038.0	100000	FALSE	2216000	4.479034640958446e-07	7	0.05056476593017578	Dart	
565	3.141592	35913.0	100000	FALSE	7544759	4.188956643780273e-07	7	0.09092092514038086	Dart	
566	3.141593	50843.0	100000	FALSE	8962496	1.462974252852689e-07	7	0.11891818046569824	Dart	
567	3.141593	72553.0	100000	FALSE	7523811	4.423276775966656e-07	7	0.16788887977600098	Dart	
568	3.141593	17628.0	100000	FALSE	1433828	3.203539824525592e-07	7	0.03779411315917969	Dart	
569	3.141593	7684.0	100000	FALSE	8270041	3.203539824525592e-07	7	0.02644181251525879	Dart	
570	3.141593	2260.0	100000	FALSE	6749670	3.203539824525592e-07	7	0.005519866943359375	Dart	
571	3.141592	56705.0	100000	FALSE	6566456	1.4783528801132206e-07	7	0.12834692001342773	Dart	
572	3.141593	904.0	100000	FALSE	7593165	3.203539824525592e-07	7	0.002020120620727539	Dart	
573	3.141593	904.0	100000	FALSE	8383774	3.203539824525592e-07	7	0.0025582313537597656	Dart	
574	3.141593	904.0	100000	FALSE	5231704	3.203539824525592e-07	7	0.0024890899658203125	Dart	
575	3.141593	75689.0	100000	FALSE	9374917	3.040600349279998e-08	7	0.17621111869812012	Dart	
576	3.141592	70922.0	100000	FALSE	9141360	4.283184344977542e-07	7	0.15720701217651367	Dart	
577	3.141592	20107.0	100000	FALSE	4954247	1.1976923453005384e-07	7	0.06915116310119629	Dart	
578	3.141592	39981.0	100000	FALSE	7074466	3.4367824719439e-07	7	0.11065387725830078	Dart	
579	3.141593	79086.0	100000	FALSE	8444040	9.655817700959801e-08	7	0.23129892349243164	Dart	
580	3.141592	28462.0	100000	FALSE	1614004	3.0149673246882003e-07	7	0.07304215431213379	Dart	
581	3.141593	1356.0	100000	FALSE	6355766	3.203539824525592e-07	7	0.0028219223022460938	Dart	
582	3.141593	452.0	100000	FALSE	4874564	3.203539824525592e-07	7	0.0009441375732421875	Dart	
583	3.141593	9040.0	100000	FALSE	1026024	3.203539824525592e-07	7	0.019011735916137695	Dart	
584	3.141593	25312.0	100000	FALSE	6206959	3.203539824525592e-07	7	0.05874490737915039	Dart	
585	3.141593	9944.0	100000	FALSE	4902419	3.203539824525592e-07	7	0.02099895477294922	Dart	
586	3.141593	4068.0	100000	FALSE	5310855	3.203539824525592e-07	7	0.008712053298950195	Dart	
587	3.141593	452.0	100000	FALSE	2869000	3.203539824525592e-07	7	0.0013248920440673828	Dart	
588	3.141593	9492.0	100000	FALSE	7207144	3.203539824525592e-07	7	0.02119922637939453	Dart	
589	3.141593	15820.0	100000	FALSE	3065791	3.203539824525592e-07	7	0.03426408767700195	Dart	
590	3.141593	80442.0	100000	FALSE	2070502	1.0033067310288857e-07	7	0.19318199157714844	Dart	
591	3.141592	41118.0	100000	FALSE	6233014	1.1009290323826804e-07	7	0.09128880500793457	Dart	
592	3.141593	904.0	100000	FALSE	9769490	3.203539824525592e-07	7	0.0019001960754394531	Dart	
593	3.141592	11519.0	100000	FALSE	6974004	4.479034640958446e-07	7	0.028666019439697266	Dart	
594	3.141593	18532.0	100000	FALSE	3780176	3.203539824525592e-07	7	0.04820704460144043	Dart	
595	3.141592	11519.0	100000	FALSE	4020598	4.479034640958446e-07	7	0.027538061141967773	Dart	
596	3.141592	20559.0	100000	FALSE	6902716	1.1009290323826804e-07	7	0.046278953552246094	Dart	
597	3.141593	4972.0	100000	FALSE	6607737	3.203539824525592e-07	7	0.011256217956542969	Dart	
598	3.141593	19888.0	100000	FALSE	2636493	3.203539824525592e-07	7	0.04376792907714844	Dart	
599	3.141593	18080.0	100000	FALSE	6966595	3.203539824525592e-07	7	0.040429115295410156	Dart	
