sampleId	piHat	numThrows	numThrowsLmt	isCensored	seedInit	OFerror	signifDigits	runtime	solverName	
1	3.1	11.0	400	FALSE	4912449	0.0012644892671427321	2	6.699562072753906e-05	Needles1	
2	3.1	33.0	400	FALSE	3210526	0.0012644892671427321	2	0.00018596649169921875	Needles1	
3	3.1	44.0	400	FALSE	5510557	0.0012644892671427321	2	0.00025916099548339844	Needles1	
4	3.1	44.0	400	FALSE	6637542	0.0012644892671427321	2	0.00025391578674316406	Needles1	
5	3.1	11.0	400	FALSE	3842975	0.0012644892671427321	2	6.818771362304688e-05	Needles1	
6	3.1	11.0	400	FALSE	7918764	0.0012644892671427321	2	0.00012111663818359375	Needles1	
7	3.1	11.0	400	FALSE	8485193	0.0012644892671427321	2	0.0004398822784423828	Needles1	
8	3.1	55.0	400	FALSE	8564160	0.0012644892671427321	2	0.0005841255187988281	Needles1	
9	3.1	66.0	400	FALSE	2195682	0.0012644892671427321	2	0.001035928726196289	Needles1	
10	3.1	102.0	400	FALSE	3369744	0.003131115128461648	2	0.001280069351196289	Needles1	
11	3.1	124.0	400	FALSE	3043248	0.0023521472608862837	2	0.0005879402160644531	Needles1	
12	3.1	110.0	400	FALSE	7068803	0.0012644892671427321	2	0.0005261898040771484	Needles1	
13	3.1	33.0	400	FALSE	4436705	0.0012644892671427321	2	0.0001659393310546875	Needles1	
14	3.1	11.0	400	FALSE	8254916	0.0012644892671427321	2	5.221366882324219e-05	Needles1	
15	3.1	11.0	400	FALSE	6729706	0.0012644892671427321	2	5.1975250244140625e-05	Needles1	
16	3.1	102.0	400	FALSE	1035996	0.003131115128461648	2	0.0005559921264648438	Needles1	
17	3.1	11.0	400	FALSE	7180848	0.0012644892671427321	2	6.29425048828125e-05	Needles1	
18	3.1	44.0	400	FALSE	8142948	0.0012644892671427321	2	0.00021719932556152344	Needles1	
19	3.1	11.0	400	FALSE	5889276	0.0012644892671427321	2	6.389617919921875e-05	Needles1	
20	3.1	66.0	400	FALSE	9345649	0.0012644892671427321	2	0.0003190040588378906	Needles1	
21	3.1	66.0	400	FALSE	4280695	0.0012644892671427321	2	0.00042700767517089844	Needles1	
22	3.1	11.0	400	FALSE	5483676	0.0012644892671427321	2	9.083747863769531e-05	Needles1	
23	3.1	11.0	400	FALSE	8382750	0.0012644892671427321	2	9.489059448242188e-05	Needles1	
24	3.1	173.0	400	FALSE	8012579	0.0038618918645454414	2	0.0016989707946777344	Needles1	
25	3.1	22.0	400	FALSE	353893	0.0012644892671427321	2	0.00021791458129882812	Needles1	
26	3.1	99.0	400	FALSE	5426385	0.0012644892671427321	2	0.0005791187286376953	Needles1	
27	3.1	66.0	400	FALSE	2009859	0.0012644892671427321	2	0.0005328655242919922	Needles1	
28	3.1	77.0	400	FALSE	519000	0.0012644892671427321	2	0.0007929801940917969	Needles1	
29	3.1	80.0	400	FALSE	269317	0.004337751629215791	2	0.0007851123809814453	Needles1	
30	3.1	99.0	400	FALSE	6900298	0.0012644892671427321	2	0.0006608963012695312	Needles1	
31	3.1	242.0	400	FALSE	5141387	0.0012644892671427321	2	0.0018019676208496094	Needles1	
32	3.1	11.0	400	FALSE	1966213	0.0012644892671427321	2	5.507469177246094e-05	Needles1	
33	3.1	11.0	400	FALSE	7184401	0.0012644892671427321	2	5.316734313964844e-05	Needles1	
34	3.1	22.0	400	FALSE	4889407	0.0012644892671427321	2	0.00011301040649414062	Needles1	
35	3.1	195.0	400	FALSE	794978	0.0035686367325804547	2	0.0009310245513916016	Needles1	
36	3.1	66.0	400	FALSE	1040836	0.0012644892671427321	2	0.0003287792205810547	Needles1	
37	3.1	11.0	400	FALSE	9098519	0.0012644892671427321	2	5.1975250244140625e-05	Needles1	
38	3.1	204.0	400	FALSE	8138313	0.003131115128461648	2	0.0009539127349853516	Needles1	
39	3.1	330.0	400	FALSE	4187694	0.0012644892671427321	2	0.0015370845794677734	Needles1	
40	3.1	33.0	400	FALSE	2109580	0.0012644892671427321	2	0.00015807151794433594	Needles1	
41	3.1	135.0	400	FALSE	7303732	0.0020577698690700252	2	0.0006608963012695312	Needles1	
42	3.1	113.0	400	FALSE	5438011	0.002703764701111222	2	0.0005252361297607422	Needles1	
43	3.1	256.0	400	FALSE	2816381	0.0004883591114723806	2	0.0011889934539794922	Needles1	
44	3.1	11.0	400	FALSE	6513271	0.0012644892671427321	2	5.698204040527344e-05	Needles1	
45	3.1	33.0	400	FALSE	1999443	0.0012644892671427321	2	0.00015306472778320312	Needles1	
46	3.1	140.0	400	FALSE	8092601	0.004474762140337152	2	0.0006539821624755859	Needles1	
47	3.1	182.0	400	FALSE	2036757	0.0036616191072416093	2	0.0012516975402832031	Needles1	
48	3.1	11.0	400	FALSE	776502	0.0012644892671427321	2	0.00011301040649414062	Needles1	
49	3.1	11.0	400	FALSE	9218097	0.0012644892671427321	2	0.00010800361633300781	Needles1	
50	3.1	11.0	400	FALSE	5985123	0.0012644892671427321	2	9.298324584960938e-05	Needles1	
51	3.1	168.0	400	FALSE	6685363	0.0014057377021496897	2	0.0015101432800292969	Needles1	
52	3.1	77.0	400	FALSE	7701277	0.0012644892671427321	2	0.0006630420684814453	Needles1	
53	3.1	11.0	400	FALSE	6572315	0.0012644892671427321	2	0.00010395050048828125	Needles1	
54	3.1	22.0	400	FALSE	1392385	0.0012644892671427321	2	0.00019812583923339844	Needles1	
55	3.1	162.0	400	FALSE	5725971	0.004038414371164922	2	0.0014421939849853516	Needles1	
56	3.1	55.0	400	FALSE	2023970	0.0012644892671427321	2	0.0004799365997314453	Needles1	
57	3.1	55.0	400	FALSE	355554	0.0012644892671427321	2	0.0004889965057373047	Needles1	
58	3.1	110.0	400	FALSE	1702413	0.0012644892671427321	2	0.0007460117340087891	Needles1	
59	3.1	11.0	400	FALSE	6179989	0.0012644892671427321	2	0.0001010894775390625	Needles1	
60	3.1	44.0	400	FALSE	7200586	0.0012644892671427321	2	0.0002071857452392578	Needles1	
61	3.1	22.0	400	FALSE	5097028	0.0012644892671427321	2	0.00011587142944335938	Needles1	
62	3.1	129.0	400	FALSE	8552736	0.004748809824634215	2	0.0012500286102294922	Needles1	
63	3.1	66.0	400	FALSE	3257853	0.0012644892671427321	2	0.0006008148193359375	Needles1	
64	3.1	22.0	400	FALSE	8617866	0.0012644892671427321	2	0.00021195411682128906	Needles1	
65	3.1	143.0	400	FALSE	6051955	0.0012644892671427321	2	0.0015878677368164062	Needles1	
66	3.1	22.0	400	FALSE	2923387	0.0012644892671427321	2	0.00021982192993164062	Needles1	
67	3.1	22.0	400	FALSE	9897772	0.0012644892671427321	2	0.0002307891845703125	Needles1	
68	3.1	22.0	400	FALSE	1911496	0.0012644892671427321	2	0.0001900196075439453	Needles1	
69	3.1	11.0	400	FALSE	5212660	0.0012644892671427321	2	5.793571472167969e-05	Needles1	
70	3.1	22.0	400	FALSE	7724565	0.0012644892671427321	2	0.00010800361633300781	Needles1	
71	3.1	77.0	400	FALSE	1123078	0.0012644892671427321	2	0.0004429817199707031	Needles1	
72	3.1	11.0	400	FALSE	3745909	0.0012644892671427321	2	6.580352783203125e-05	Needles1	
73	3.1	247.0	400	FALSE	9471695	0.004904161696624332	2	0.0011851787567138672	Needles1	
74	3.1	33.0	400	FALSE	8870743	0.0012644892671427321	2	0.00015997886657714844	Needles1	
75	3.1	44.0	400	FALSE	5685336	0.0012644892671427321	2	0.0002238750457763672	Needles1	
76	3.1	11.0	400	FALSE	6385110	0.0012644892671427321	2	5.316734313964844e-05	Needles1	
77	3.1	179.0	400	FALSE	5282612	0.0012417763970176132	2	0.0010089874267578125	Needles1	
78	3.1	11.0	400	FALSE	5865964	0.0012644892671427321	2	5.698204040527344e-05	Needles1	
79	3.1	77.0	400	FALSE	3329190	0.0012644892671427321	2	0.0003600120544433594	Needles1	
80	3.1	44.0	400	FALSE	7574866	0.0012644892671427321	2	0.00020575523376464844	Needles1	
81	3.1	22.0	400	FALSE	5846443	0.0012644892671427321	2	0.00010228157043457031	Needles1	
82	3.1	248.0	400	FALSE	17516	0.0023521472608862837	2	0.0012290477752685547	Needles1	
83	3.1	110.0	400	FALSE	3274886	0.0012644892671427321	2	0.0005710124969482422	Needles1	
84	3.1	11.0	400	FALSE	8636505	0.0012644892671427321	2	6.604194641113281e-05	Needles1	
85	3.1	99.0	400	FALSE	5094371	0.0012644892671427321	2	0.0006871223449707031	Needles1	
86	3.1	55.0	400	FALSE	4549111	0.0012644892671427321	2	0.0002579689025878906	Needles1	
87	3.1	22.0	400	FALSE	8261380	0.0012644892671427321	2	0.00010609626770019531	Needles1	
88	3.1	11.0	400	FALSE	7586781	0.0012644892671427321	2	5.888938903808594e-05	Needles1	
89	3.1	11.0	400	FALSE	3558998	0.0012644892671427321	2	6.29425048828125e-05	Needles1	
90	3.1	22.0	400	FALSE	9294087	0.0012644892671427321	2	0.00010609626770019531	Needles1	
91	3.1	11.0	400	FALSE	3626643	0.0012644892671427321	2	5.1975250244140625e-05	Needles1	
92	3.1	11.0	400	FALSE	4309785	0.0012644892671427321	2	8.702278137207031e-05	Needles1	
93	3.1	33.0	400	FALSE	7764203	0.0012644892671427321	2	0.0001552104949951172	Needles1	
94	3.1	391.0	400	FALSE	6093673	0.0010304045940161544	2	0.0019178390502929688	Needles1	
95	3.1	33.0	400	FALSE	637165	0.0012644892671427321	2	0.00015592575073242188	Needles1	
96	3.1	77.0	400	FALSE	4496403	0.0012644892671427321	2	0.00036907196044921875	Needles1	
97	3.1	22.0	400	FALSE	4893448	0.0012644892671427321	2	0.00010609626770019531	Needles1	
98	3.1	11.0	400	FALSE	8039862	0.0012644892671427321	2	5.698204040527344e-05	Needles1	
99	3.1	44.0	400	FALSE	1379444	0.0012644892671427321	2	0.0002219676971435547	Needles1	
100	3.14	545.0	1000	FALSE	9137075	0.00038227895023057457	3	0.0030078887939453125	Needles1	
101	3.14	622.0	1000	FALSE	4887574	0.000178512175858625	3	0.003242969512939453	Needles1	
102	3.14	531.0	1000	FALSE	6552249	0.00041918072952640273	3	0.002639293670654297	Needles1	
103	3.14	377.0	1000	FALSE	4495370	7.401307666654589e-05	3	0.0019698143005371094	Needles1	
104	3.14	300.0	1000	FALSE	5990110	0.00023139704549723916	3	0.0016551017761230469	Needles1	
105	3.14	278.0	1000	FALSE	7210942	0.0003497157368927972	3	0.0013167858123779297	Needles1	
106	3.14	878.0	1000	FALSE	83888	0.00026886110341672875	3	0.004051923751831055	Needles1	
107	3.14	256.0	1000	FALSE	9909109	0.0004883591114723806	3	0.0012087821960449219	Needles1	
108	3.14	399.0	1000	FALSE	2944304	0.00013962987456705989	3	0.0018877983093261719	Needles1	
109	3.14	677.0	1000	FALSE	9488049	6.133108419970057e-05	3	0.0032110214233398438	Needles1	
110	3.14	589.0	1000	FALSE	6241058	0.00025932025666675074	3	0.004598855972290039	Needles1	
111	3.14	542.0	1000	FALSE	5467173	0.00043633191724623543	3	0.0029840469360351562	Needles1	
112	3.14	721.0	1000	FALSE	8342129	1.9546845729578877e-05	3	0.003634929656982422	Needles1	
113	3.14	875.0	1000	FALSE	7267681	0.00023858518917396765	3	0.0040318965911865234	Needles1	
114	3.14	589.0	1000	FALSE	9937752	0.00025932025666675074	3	0.0027718544006347656	Needles1	
115	3.14	542.0	1000	FALSE	2297880	0.00043633191724623543	3	0.0025141239166259766	Needles1	
116	3.14	278.0	1000	FALSE	9144080	0.0003497157368927972	3	0.0012612342834472656	Needles1	
117	3.14	278.0	1000	FALSE	2487669	0.0003497157368927972	3	0.0012829303741455078	Needles1	
118	3.14	487.0	1000	FALSE	1274342	0.00034283028096782076	3	0.0022878646850585938	Needles1	
119	3.14	278.0	1000	FALSE	6444260	0.0003497157368927972	3	0.0016510486602783203	Needles1	
120	3.14	798.0	1000	FALSE	5450419	0.00013962987456705989	3	0.003777027130126953	Needles1	
121	3.14	586.0	1000	FALSE	505794	0.0004984992250132159	3	0.0028688907623291016	Needles1	
122	3.14	644.0	1000	FALSE	7930278	0.00012923895585359446	3	0.003032207489013672	Needles1	
123	3.14	476.0	1000	FALSE	9924991	0.0003215378291416826	3	0.0022089481353759766	Needles1	
124	3.14	366.0	1000	FALSE	5659878	3.824769755356172e-05	3	0.0016901493072509766	Needles1	
125	3.14	600.0	1000	FALSE	926343	0.00023139704549723916	3	0.002755880355834961	Needles1	
126	3.14	812.0	1000	FALSE	2040763	0.00039342728439084595	3	0.003798961639404297	Needles1	
127	3.14	322.0	1000	FALSE	2605641	0.00012923895585359446	3	0.0014460086822509766	Needles1	
128	3.14	908.0	1000	FALSE	6314149	0.0002758585207267572	3	0.004197120666503906	Needles1	
129	3.14	289.0	1000	FALSE	9555212	0.00028830576391314366	3	0.0013322830200195312	Needles1	
130	3.14	256.0	1000	FALSE	5869194	0.0004883591114723806	3	0.0011680126190185547	Needles1	
131	3.14	322.0	1000	FALSE	3227179	0.00012923895585359446	3	0.001505136489868164	Needles1	
132	3.14	333.0	1000	FALSE	6425859	8.321962773605307e-05	3	0.0015311241149902344	Needles1	
133	3.14	886.0	1000	FALSE	5573260	0.0002513180412058169	3	0.004918098449707031	Needles1	
134	3.14	487.0	1000	FALSE	6753524	0.00034283028096782076	3	0.002268075942993164	Needles1	
135	3.14	267.0	1000	FALSE	5946180	0.0004161830017648249	3	0.001251220703125	Needles1	
136	3.14	586.0	1000	FALSE	7757229	0.0004984992250132159	3	0.002760171890258789	Needles1	
137	3.14	311.0	1000	FALSE	4964979	0.000178512175858625	3	0.001489877700805664	Needles1	
138	3.14	311.0	1000	FALSE	7199994	0.000178512175858625	3	0.001439809799194336	Needles1	
139	3.14	267.0	1000	FALSE	7763374	0.0004161830017648249	3	0.0016219615936279297	Needles1	
140	3.14	498.0	1000	FALSE	1354488	0.00036318237214505444	3	0.0033528804779052734	Needles1	
141	3.14	256.0	1000	FALSE	1576568	0.0004883591114723806	3	0.001325845718383789	Needles1	
142	3.14	377.0	1000	FALSE	7243587	7.401307666654589e-05	3	0.0026590824127197266	Needles1	
143	3.14	553.0	1000	FALSE	7582897	0.00045280095545452426	3	0.0025970935821533203	Needles1	
144	3.14	344.0	1000	FALSE	6731872	4.0142174475121806e-05	3	0.0016162395477294922	Needles1	
145	3.14	798.0	1000	FALSE	2178994	0.00013962987456705989	3	0.0037338733673095703	Needles1	
146	3.14	256.0	1000	FALSE	1673952	0.0004883591114723806	3	0.001155853271484375	Needles1	
147	3.14	622.0	1000	FALSE	1065871	0.000178512175858625	3	0.0029370784759521484	Needles1	
148	3.14	256.0	1000	FALSE	5656632	0.0004883591114723806	3	0.0011928081512451172	Needles1	
149	3.14	289.0	1000	FALSE	2912614	0.00028830576391314366	3	0.0013208389282226562	Needles1	
150	3.14	322.0	1000	FALSE	9287305	0.00012923895585359446	3	0.0018551349639892578	Needles1	
151	3.14	311.0	1000	FALSE	1492348	0.000178512175858625	3	0.0023899078369140625	Needles1	
152	3.14	333.0	1000	FALSE	9422152	8.321962773605307e-05	3	0.002048015594482422	Needles1	
153	3.14	677.0	1000	FALSE	3559365	6.133108419970057e-05	3	0.003608226776123047	Needles1	
154	3.14	344.0	1000	FALSE	6848033	4.0142174475121806e-05	3	0.0016219615936279297	Needles1	
155	3.14	289.0	1000	FALSE	2303362	0.00028830576391314366	3	0.0013298988342285156	Needles1	
156	3.14	256.0	1000	FALSE	4625926	0.0004883591114723806	3	0.0011746883392333984	Needles1	
157	3.14	622.0	1000	FALSE	2562244	0.000178512175858625	3	0.0037262439727783203	Needles1	
158	3.14	812.0	1000	FALSE	9946167	0.00039342728439084595	3	0.004312992095947266	Needles1	
159	3.14	710.0	1000	FALSE	4274476	2.667639824593948e-07	3	0.004011869430541992	Needles1	
160	3.14	710.0	1000	FALSE	524217	2.667639824593948e-07	3	0.003592252731323242	Needles1	
161	3.14	622.0	1000	FALSE	474221	0.000178512175858625	3	0.003679990768432617	Needles1	
162	3.14	256.0	1000	FALSE	6940364	0.0004883591114723806	3	0.0012078285217285156	Needles1	
163	3.14	377.0	1000	FALSE	9141505	7.401307666654589e-05	3	0.0019147396087646484	Needles1	
164	3.14	864.0	1000	FALSE	6067094	0.0002255282281815596	3	0.004117012023925781	Needles1	
165	3.14	586.0	1000	FALSE	4539359	0.0004984992250132159	3	0.003969907760620117	Needles1	
166	3.14	908.0	1000	FALSE	1217565	0.0002758585207267572	3	0.005213022232055664	Needles1	
167	3.14	721.0	1000	FALSE	6722085	1.9546845729578877e-05	3	0.003813028335571289	Needles1	
168	3.14	289.0	1000	FALSE	1514285	0.00028830576391314366	3	0.0014162063598632812	Needles1	
169	3.14	432.0	1000	FALSE	376004	0.0002255282281815596	3	0.002843141555786133	Needles1	
170	3.14	366.0	1000	FALSE	7372485	3.824769755356172e-05	3	0.001768350601196289	Needles1	
171	3.14	399.0	1000	FALSE	707736	0.00013962987456705989	3	0.0022220611572265625	Needles1	
172	3.14	300.0	1000	FALSE	2533439	0.00023139704549723916	3	0.0014619827270507812	Needles1	
173	3.14	600.0	1000	FALSE	3255636	0.00023139704549723916	3	0.0033512115478515625	Needles1	
174	3.14	311.0	1000	FALSE	2612035	0.000178512175858625	3	0.0014951229095458984	Needles1	
175	3.14	867.0	1000	FALSE	4435581	0.00028830576391314366	3	0.0041561126708984375	Needles1	
176	3.14	377.0	1000	FALSE	1355598	7.401307666654589e-05	3	0.0017306804656982422	Needles1	
177	3.14	311.0	1000	FALSE	5532865	0.000178512175858625	3	0.002615213394165039	Needles1	
178	3.14	900.0	1000	FALSE	8883368	0.00023139704549723916	3	0.005711078643798828	Needles1	
179	3.14	256.0	1000	FALSE	8478096	0.0004883591114723806	3	0.0011839866638183594	Needles1	
180	3.14	688.0	1000	FALSE	6835353	4.0142174475121806e-05	3	0.0042459964752197266	Needles1	
181	3.14	476.0	1000	FALSE	6428312	0.0003215378291416826	3	0.002171754837036133	Needles1	
182	3.14	465.0	1000	FALSE	466700	0.00029923830189204637	3	0.0025708675384521484	Needles1	
183	3.14	300.0	1000	FALSE	8466229	0.00023139704549723916	3	0.0017209053039550781	Needles1	
184	3.14	388.0	1000	FALSE	1831712	0.0001077512682994275	3	0.001978158950805664	Needles1	
185	3.14	311.0	1000	FALSE	5858284	0.000178512175858625	3	0.0015552043914794922	Needles1	
186	3.14	300.0	1000	FALSE	7848644	0.00023139704549723916	3	0.0019731521606445312	Needles1	
187	3.14	542.0	1000	FALSE	2983734	0.00043633191724623543	3	0.003354310989379883	Needles1	
188	3.14	256.0	1000	FALSE	8546413	0.0004883591114723806	3	0.0012798309326171875	Needles1	
189	3.14	366.0	1000	FALSE	399024	3.824769755356172e-05	3	0.0028181076049804688	Needles1	
190	3.14	454.0	1000	FALSE	8911613	0.0002758585207267572	3	0.002975940704345703	Needles1	
191	3.14	377.0	1000	FALSE	3372956	7.401307666654589e-05	3	0.003293752670288086	Needles1	
192	3.14	322.0	1000	FALSE	2686049	0.00012923895585359446	3	0.0015132427215576172	Needles1	
193	3.14	410.0	1000	FALSE	5544241	0.0001697985172794958	3	0.0024738311767578125	Needles1	
194	3.14	355.0	1000	FALSE	3915617	2.667639824593948e-07	3	0.0018999576568603516	Needles1	
195	3.14	553.0	1000	FALSE	3009702	0.00045280095545452426	3	0.0025606155395507812	Needles1	
196	3.14	644.0	1000	FALSE	2001945	0.00012923895585359446	3	0.0030798912048339844	Needles1	
197	3.14	520.0	1000	FALSE	5119768	0.0004013041139274698	3	0.0024819374084472656	Needles1	
198	3.14	377.0	1000	FALSE	7350014	7.401307666654589e-05	3	0.0018830299377441406	Needles1	
199	3.14	498.0	1000	FALSE	1001224	0.00036318237214505444	3	0.0023839473724365234	Needles1	
200	3.142	2053.0	5000	FALSE	871015	4.7129489005204306e-05	4	0.014929056167602539	Needles1	
201	3.142	710.0	5000	FALSE	1600607	2.667639824593948e-07	4	0.0033278465270996094	Needles1	
202	3.142	3649.0	5000	FALSE	7934947	3.455260888074463e-05	4	0.020322084426879883	Needles1	
203	3.142	1054.0	5000	FALSE	7178649	1.2921846333835418e-05	4	0.005045890808105469	Needles1	
204	3.142	2529.0	5000	FALSE	4496255	2.225324229820913e-05	4	0.017125844955444336	Needles1	
205	3.142	2862.0	5000	FALSE	9721867	9.980877617721262e-06	4	0.018924951553344727	Needles1	
206	3.142	355.0	5000	FALSE	8833331	2.667639824593948e-07	4	0.0017971992492675781	Needles1	
207	3.142	355.0	5000	FALSE	9053135	2.667639824593948e-07	4	0.0018930435180664062	Needles1	
208	3.142	1731.0	5000	FALSE	4330081	3.185504190561517e-05	4	0.009038209915161133	Needles1	
209	3.142	1054.0	5000	FALSE	7431961	1.2921846333835418e-05	4	0.006852149963378906	Needles1	
210	3.142	1387.0	5000	FALSE	4409042	2.9799682865316868e-05	4	0.01031184196472168	Needles1	
211	3.142	355.0	5000	FALSE	4660555	2.667639824593948e-07	4	0.001798868179321289	Needles1	
212	3.142	1709.0	5000	FALSE	151958	4.8535942941185795e-05	4	0.009070158004760742	Needles1	
213	3.142	4249.0	5000	FALSE	2268550	3.0047914787445507e-06	4	0.024489879608154297	Needles1	
214	3.142	344.0	5000	FALSE	3910002	4.0142174475121806e-05	4	0.0020627975463867188	Needles1	
215	3.142	355.0	5000	FALSE	7503196	2.667639824593948e-07	4	0.0022819042205810547	Needles1	
216	3.142	1065.0	5000	FALSE	533109	2.667639824593948e-07	4	0.008271932601928711	Needles1	
217	3.142	1387.0	5000	FALSE	9658797	2.9799682865316868e-05	4	0.006865024566650391	Needles1	
218	3.142	3239.0	5000	FALSE	7462468	1.7433703889402352e-05	4	0.020615816116333008	Needles1	
219	3.142	2928.0	5000	FALSE	3504627	3.824769755356172e-05	4	0.014721155166625977	Needles1	
220	3.142	355.0	5000	FALSE	9684708	2.667639824593948e-07	4	0.0019528865814208984	Needles1	
221	3.142	699.0	5000	FALSE	8507251	1.961988213494692e-05	4	0.0032792091369628906	Needles1	
222	3.142	2174.0	5000	FALSE	419010	2.5843519826374006e-05	4	0.010043144226074219	Needles1	
223	3.142	2430.0	5000	FALSE	5532496	2.8335555093850218e-05	4	0.01128077507019043	Needles1	
224	3.142	732.0	5000	FALSE	9801917	3.824769755356172e-05	4	0.0038340091705322266	Needles1	
225	3.142	699.0	5000	FALSE	2255147	1.961988213494692e-05	4	0.005235195159912109	Needles1	
226	3.142	688.0	5000	FALSE	9081009	4.0142174475121806e-05	4	0.004316806793212891	Needles1	
227	3.142	1043.0	5000	FALSE	7984064	2.6388529759113766e-05	4	0.005677223205566406	Needles1	
228	3.142	4117.0	5000	FALSE	2398244	4.3626501102789206e-05	4	0.019538164138793945	Needles1	
229	3.142	2463.0	5000	FALSE	7007222	1.1020936939054593e-05	4	0.012989044189453125	Needles1	
230	3.142	2507.0	5000	FALSE	7831309	1.1356435062559456e-05	4	0.015294313430786133	Needles1	
231	3.142	2397.0	5000	FALSE	439665	4.6126722372363815e-05	4	0.013618230819702148	Needles1	
232	3.142	2430.0	5000	FALSE	5428787	2.8335555093850218e-05	4	0.011749982833862305	Needles1	
233	3.142	1043.0	5000	FALSE	5881459	2.6388529759113766e-05	4	0.005045652389526367	Needles1	
234	3.142	1087.0	5000	FALSE	5275228	2.5843519826374006e-05	4	0.005326986312866211	Needles1	
235	3.142	3074.0	5000	FALSE	2323612	4.947525581489032e-05	4	0.015938997268676758	Needles1	
236	3.142	1786.0	5000	FALSE	6804314	8.050015980476388e-06	4	0.010091066360473633	Needles1	
237	3.142	344.0	5000	FALSE	8287914	4.0142174475121806e-05	4	0.002401113510131836	Needles1	
238	3.142	2185.0	5000	FALSE	9696411	3.2076819777238086e-05	4	0.011341094970703125	Needles1	
239	3.142	1054.0	5000	FALSE	8755506	1.2921846333835418e-05	4	0.008111953735351562	Needles1	
240	3.142	699.0	5000	FALSE	2905913	1.961988213494692e-05	4	0.0039980411529541016	Needles1	
241	3.142	3960.0	5000	FALSE	8002170	1.781844490666984e-05	4	0.020519018173217773	Needles1	
242	3.142	688.0	5000	FALSE	8550718	4.0142174475121806e-05	4	0.003679990768432617	Needles1	
243	3.142	3850.0	5000	FALSE	1334675	1.7786188939439285e-05	4	0.019999027252197266	Needles1	
244	3.142	1742.0	5000	FALSE	1886279	2.3672525978568615e-05	4	0.012237071990966797	Needles1	
245	3.142	1376.0	5000	FALSE	2039547	4.0142174475121806e-05	4	0.0076808929443359375	Needles1	
246	3.142	1387.0	5000	FALSE	3922542	2.9799682865316868e-05	4	0.0076138973236083984	Needles1	
247	3.142	1442.0	5000	FALSE	7273211	1.9546845729578877e-05	4	0.01012420654296875	Needles1	
248	3.142	688.0	5000	FALSE	9072727	4.0142174475121806e-05	4	0.003947019577026367	Needles1	
249	3.142	710.0	5000	FALSE	9928586	2.667639824593948e-07	4	0.004131793975830078	Needles1	
250	3.142	2763.0	5000	FALSE	1565174	3.495034952250009e-05	4	0.014547109603881836	Needles1	
251	3.142	1475.0	5000	FALSE	1386707	4.738900850886907e-05	4	0.0072591304779052734	Needles1	
252	3.142	1431.0	5000	FALSE	522182	9.980877617721262e-06	4	0.007230997085571289	Needles1	
253	3.142	710.0	5000	FALSE	5985482	2.667639824593948e-07	4	0.00473475456237793	Needles1	
254	3.142	721.0	5000	FALSE	7920100	1.9546845729578877e-05	4	0.0040400028228759766	Needles1	
255	3.142	1753.0	5000	FALSE	6939739	1.559265810024968e-05	4	0.017201900482177734	Needles1	
256	3.142	2741.0	5000	FALSE	6542250	4.537565303719404e-05	4	0.016050338745117188	Needles1	
257	3.142	2408.0	5000	FALSE	3927672	4.0142174475121806e-05	4	0.012991189956665039	Needles1	
258	3.142	2097.0	5000	FALSE	853130	1.961988213494692e-05	4	0.011459827423095703	Needles1	
259	3.142	1720.0	5000	FALSE	5656689	4.0142174475121806e-05	4	0.008662939071655273	Needles1	
260	3.142	699.0	5000	FALSE	4707508	1.961988213494692e-05	4	0.0035719871520996094	Needles1	
261	3.142	2185.0	5000	FALSE	1662830	3.2076819777238086e-05	4	0.021155118942260742	Needles1	
262	3.142	1387.0	5000	FALSE	2347821	2.9799682865316868e-05	4	0.01464223861694336	Needles1	
263	3.142	2152.0	5000	FALSE	1030675	1.3185826058137451e-05	4	0.015490055084228516	Needles1	
264	3.142	1087.0	5000	FALSE	7434984	2.5843519826374006e-05	4	0.0052337646484375	Needles1	
265	3.142	2119.0	5000	FALSE	2981094	6.293323135508899e-06	4	0.012410879135131836	Needles1	
266	3.142	1076.0	5000	FALSE	9253024	1.3185826058137451e-05	4	0.005641937255859375	Needles1	
267	3.142	2196.0	5000	FALSE	1781691	3.824769755356172e-05	4	0.012484073638916016	Needles1	
268	3.142	688.0	5000	FALSE	1206154	4.0142174475121806e-05	4	0.003171205520629883	Needles1	
269	3.142	2774.0	5000	FALSE	8805666	2.9799682865316868e-05	4	0.023905038833618164	Needles1	
270	3.142	4893.0	5000	FALSE	5640225	1.961988213494692e-05	4	0.04749894142150879	Needles1	
271	3.142	1720.0	5000	FALSE	5460705	4.0142174475121806e-05	4	0.013398170471191406	Needles1	
272	3.142	344.0	5000	FALSE	6013094	4.0142174475121806e-05	4	0.003628969192504883	Needles1	
273	3.142	2053.0	5000	FALSE	727605	4.7129489005204306e-05	4	0.015436887741088867	Needles1	
274	3.142	688.0	5000	FALSE	949601	4.0142174475121806e-05	4	0.004349946975708008	Needles1	
275	3.142	2551.0	5000	FALSE	6489639	3.296217354664677e-05	4	0.018301010131835938	Needles1	
276	3.142	1043.0	5000	FALSE	9393796	2.6388529759113766e-05	4	0.007167339324951172	Needles1	
277	3.142	1076.0	5000	FALSE	427103	1.3185826058137451e-05	4	0.005234956741333008	Needles1	
278	3.142	732.0	5000	FALSE	1173741	3.824769755356172e-05	4	0.003396749496459961	Needles1	
279	3.142	3294.0	5000	FALSE	2320004	3.824769755356172e-05	4	0.01596975326538086	Needles1	
280	3.142	1709.0	5000	FALSE	5350928	4.8535942941185795e-05	4	0.00825190544128418	Needles1	
281	3.142	2474.0	5000	FALSE	7213463	5.352002698355562e-06	4	0.011555910110473633	Needles1	
282	3.142	732.0	5000	FALSE	306379	3.824769755356172e-05	4	0.0034079551696777344	Needles1	
283	3.142	2086.0	5000	FALSE	7738546	2.6388529759113766e-05	4	0.009814023971557617	Needles1	
284	3.142	3484.0	5000	FALSE	4849443	2.3672525978568615e-05	4	0.01644110679626465	Needles1	
285	3.142	1720.0	5000	FALSE	7135255	4.0142174475121806e-05	4	0.008012056350708008	Needles1	
286	3.142	710.0	5000	FALSE	9441021	2.667639824593948e-07	4	0.0051593780517578125	Needles1	
287	3.142	1032.0	5000	FALSE	3704166	4.0142174475121806e-05	4	0.004933834075927734	Needles1	
288	3.142	710.0	5000	FALSE	4273224	2.667639824593948e-07	4	0.003448963165283203	Needles1	
289	3.142	2086.0	5000	FALSE	2940006	2.6388529759113766e-05	4	0.010473012924194336	Needles1	
290	3.142	710.0	5000	FALSE	5283608	2.667639824593948e-07	4	0.003606081008911133	Needles1	
291	3.142	2741.0	5000	FALSE	6027595	4.537565303719404e-05	4	0.01640796661376953	Needles1	
292	3.142	3971.0	5000	FALSE	5388758	2.1270460632827337e-05	4	0.024367094039916992	Needles1	
293	3.142	2119.0	5000	FALSE	2992597	6.293323135508899e-06	4	0.01422119140625	Needles1	
294	3.142	3806.0	5000	FALSE	9382364	3.260406461835785e-05	4	0.02361607551574707	Needles1	
295	3.142	1032.0	5000	FALSE	7683464	4.0142174475121806e-05	4	0.005998849868774414	Needles1	
296	3.142	1098.0	5000	FALSE	2370984	3.824769755356172e-05	4	0.005218982696533203	Needles1	
297	3.142	699.0	5000	FALSE	1463303	1.961988213494692e-05	4	0.0032219886779785156	Needles1	
298	3.142	1376.0	5000	FALSE	9480414	4.0142174475121806e-05	4	0.007747173309326172	Needles1	
299	3.142	1032.0	5000	FALSE	7791557	4.0142174475121806e-05	4	0.004794120788574219	Needles1	
300	3.1416	3905.0	20000	FALSE	7878295	2.667639824593948e-07	5	0.019969940185546875	Needles1	
301	3.1416	3195.0	20000	FALSE	7560850	2.667639824593948e-07	5	0.01629495620727539	Needles1	
302	3.1416	7444.0	20000	FALSE	822039	1.600625239461806e-06	5	0.03925776481628418	Needles1	
303	3.1416	5303.0	20000	FALSE	8501355	4.9758648814624e-06	5	0.026521682739257812	Needles1	
304	3.1416	18760.0	20000	FALSE	9009695	3.438149993151285e-06	5	0.09694290161132812	Needles1	
305	3.1416	6390.0	20000	FALSE	9964057	2.667639824593948e-07	5	0.032981157302856445	Needles1	
306	3.1416	9563.0	20000	FALSE	1346174	2.6404493955745068e-06	5	0.05263495445251465	Needles1	
307	3.1416	12048.0	20000	FALSE	8114136	2.040812946635384e-06	5	0.05953216552734375	Needles1	
308	3.1416	14156.0	20000	FALSE	8278374	3.661135494770207e-06	5	0.0735468864440918	Needles1	
309	3.1416	1065.0	20000	FALSE	1298224	2.667639824593948e-07	5	0.005753993988037109	Needles1	
310	3.1416	1775.0	20000	FALSE	2925779	2.667639824593948e-07	5	0.011773109436035156	Needles1	
311	3.1416	12780.0	20000	FALSE	1797145	2.667639824593948e-07	5	0.06791090965270996	Needles1	
312	3.1416	11371.0	20000	FALSE	8314959	1.4892474085037577e-06	5	0.07169413566589355	Needles1	
313	3.1416	4615.0	20000	FALSE	5027911	2.667639824593948e-07	5	0.025068044662475586	Needles1	
314	3.1416	11349.0	20000	FALSE	116033	9.580882700532811e-07	5	0.09200000762939453	Needles1	
315	3.1416	9585.0	20000	FALSE	5046407	2.667639824593948e-07	5	0.10950207710266113	Needles1	
316	3.1416	1775.0	20000	FALSE	9068661	2.667639824593948e-07	5	0.023483991622924805	Needles1	
317	3.1416	3905.0	20000	FALSE	2184980	2.667639824593948e-07	5	0.03157520294189453	Needles1	
318	3.1416	7111.0	20000	FALSE	4589111	2.2216032848909606e-06	5	0.057186126708984375	Needles1	
319	3.1416	1065.0	20000	FALSE	6510776	2.667639824593948e-07	5	0.0052149295806884766	Needles1	
320	3.1416	3550.0	20000	FALSE	2544559	2.667639824593948e-07	5	0.019412994384765625	Needles1	
321	3.1416	15609.0	20000	FALSE	3713484	6.238023377846957e-07	5	0.08889985084533691	Needles1	
322	3.1416	3184.0	20000	FALSE	3159956	4.099075940011687e-06	5	0.01757502555847168	Needles1	
323	3.1416	5325.0	20000	FALSE	2383779	2.667639824593948e-07	5	0.03009319305419922	Needles1	
324	3.1416	6390.0	20000	FALSE	4917195	2.667639824593948e-07	5	0.0327298641204834	Needles1	
325	3.1416	5669.0	20000	FALSE	5793552	2.1853162399665393e-06	5	0.03245687484741211	Needles1	
326	3.1416	13135.0	20000	FALSE	2803862	2.667639824593948e-07	5	0.06691503524780273	Needles1	
327	3.1416	2485.0	20000	FALSE	3983711	2.667639824593948e-07	5	0.018503904342651367	Needles1	
328	3.1416	12392.0	20000	FALSE	5798885	3.0985133108174523e-06	5	0.09865689277648926	Needles1	
329	3.1416	1420.0	20000	FALSE	3904889	2.667639824593948e-07	5	0.006966829299926758	Needles1	
330	3.1416	6379.0	20000	FALSE	6309799	1.9123932504250263e-06	5	0.030366182327270508	Needles1	
331	3.1416	15642.0	20000	FALSE	9858288	2.04414046800494e-06	5	0.08747100830078125	Needles1	
332	3.1416	8531.0	20000	FALSE	511655	1.8962166654645785e-06	5	0.04840898513793945	Needles1	
333	3.1416	4970.0	20000	FALSE	8798198	2.667639824593948e-07	5	0.02706003189086914	Needles1	
334	3.1416	2485.0	20000	FALSE	1428164	2.667639824593948e-07	5	0.012063980102539062	Needles1	
335	3.1416	5303.0	20000	FALSE	1998052	4.9758648814624e-06	5	0.029519081115722656	Needles1	
336	3.1416	14233.0	20000	FALSE	827104	3.196757643486592e-06	5	0.07369089126586914	Needles1	
337	3.1416	710.0	20000	FALSE	6484342	2.667639824593948e-07	5	0.003310680389404297	Needles1	
338	3.1416	3206.0	20000	FALSE	1105894	4.602656937802152e-06	5	0.0164031982421875	Needles1	
339	3.1416	4604.0	20000	FALSE	1972777	2.752532340721814e-06	5	0.021664857864379883	Needles1	
340	3.1416	4260.0	20000	FALSE	1085703	2.667639824593948e-07	5	0.02019476890563965	Needles1	
341	3.1416	6723.0	20000	FALSE	3462873	3.868543271057234e-06	5	0.036071062088012695	Needles1	
342	3.1416	3539.0	20000	FALSE	6312523	3.661135494770207e-06	5	0.02112102508544922	Needles1	
343	3.1416	3184.0	20000	FALSE	8608094	4.099075940011687e-06	5	0.016185998916625977	Needles1	
344	3.1416	9197.0	20000	FALSE	4981110	4.267595123952361e-06	5	0.045691728591918945	Needles1	
345	3.1416	1065.0	20000	FALSE	7130778	2.667639824593948e-07	5	0.006679058074951172	Needles1	
346	3.1416	2485.0	20000	FALSE	7048943	2.667639824593948e-07	5	0.012691974639892578	Needles1	
347	3.1416	3894.0	20000	FALSE	2424191	3.3030454256177677e-06	5	0.022832155227661133	Needles1	
348	3.1416	2829.0	20000	FALSE	352036	4.6469270351678915e-06	5	0.013141870498657227	Needles1	
349	3.1416	13501.0	20000	FALSE	1730416	1.296380913284878e-06	5	0.0700368881225586	Needles1	
350	3.1416	355.0	20000	FALSE	7829941	2.667639824593948e-07	5	0.0028219223022460938	Needles1	
351	3.1416	4626.0	20000	FALSE	5805422	3.2717071136723064e-06	5	0.027289867401123047	Needles1	
352	3.1416	355.0	20000	FALSE	2032443	2.667639824593948e-07	5	0.0019600391387939453	Needles1	
353	3.1416	4981.0	20000	FALSE	2156614	3.0575421350320653e-06	5	0.0267641544342041	Needles1	
354	3.1416	5691.0	20000	FALSE	425477	2.709368873698992e-06	5	0.031424760818481445	Needles1	
355	3.1416	8908.0	20000	FALSE	9127517	4.948243891522708e-06	5	0.04862475395202637	Needles1	
356	3.1416	6368.0	20000	FALSE	827610	4.099075940011687e-06	5	0.03906393051147461	Needles1	
357	3.1416	1065.0	20000	FALSE	5871877	2.667639824593948e-07	5	0.005148887634277344	Needles1	
358	3.1416	9585.0	20000	FALSE	2564775	2.667639824593948e-07	5	0.046913862228393555	Needles1	
359	3.1416	8132.0	20000	FALSE	3198298	4.861432379765773e-06	5	0.03893709182739258	Needles1	
360	3.1416	355.0	20000	FALSE	9230708	2.667639824593948e-07	5	0.0016739368438720703	Needles1	
361	3.1416	6745.0	20000	FALSE	1825171	2.667639824593948e-07	5	0.03192925453186035	Needles1	
362	3.1416	6013.0	20000	FALSE	6877251	4.356829289342556e-06	5	0.0293271541595459	Needles1	
363	3.1416	5303.0	20000	FALSE	1317775	4.9758648814624e-06	5	0.030662059783935547	Needles1	
364	3.1416	10672.0	20000	FALSE	8869709	2.871873644227918e-06	5	0.05472707748413086	Needles1	
365	3.1416	6390.0	20000	FALSE	2552946	2.667639824593948e-07	5	0.035709381103515625	Needles1	
366	3.1416	7111.0	20000	FALSE	3474892	2.2216032848909606e-06	5	0.03494071960449219	Needles1	
367	3.1416	355.0	20000	FALSE	2045568	2.667639824593948e-07	5	0.0018270015716552734	Needles1	
368	3.1416	9940.0	20000	FALSE	8678827	2.667639824593948e-07	5	0.04811596870422363	Needles1	
369	3.1416	4604.0	20000	FALSE	4164280	2.752532340721814e-06	5	0.021576881408691406	Needles1	
370	3.1416	4970.0	20000	FALSE	2883713	2.667639824593948e-07	5	0.027384042739868164	Needles1	
371	3.1416	3184.0	20000	FALSE	7379681	4.099075940011687e-06	5	0.01905083656311035	Needles1	
372	3.1416	14145.0	20000	FALSE	5767335	4.6469270351678915e-06	5	0.08198809623718262	Needles1	
373	3.1416	3206.0	20000	FALSE	6836382	4.602656937802152e-06	5	0.017789125442504883	Needles1	
374	3.1416	6412.0	20000	FALSE	3538576	4.602656937802152e-06	5	0.03388214111328125	Needles1	
375	3.1416	1420.0	20000	FALSE	3818026	2.667639824593948e-07	5	0.007349967956542969	Needles1	
376	3.1416	9208.0	20000	FALSE	8805403	2.752532340721814e-06	5	0.04451704025268555	Needles1	
377	3.1416	6035.0	20000	FALSE	6703161	2.667639824593948e-07	5	0.03138089179992676	Needles1	
378	3.1416	6379.0	20000	FALSE	9208884	1.9123932504250263e-06	5	0.03427290916442871	Needles1	
379	3.1416	7788.0	20000	FALSE	6942819	3.3030454256177677e-06	5	0.0411529541015625	Needles1	
380	3.1416	1065.0	20000	FALSE	7086583	2.667639824593948e-07	5	0.005005836486816406	Needles1	
381	3.1416	4959.0	20000	FALSE	363282	2.5363901268171674e-06	5	0.02430272102355957	Needles1	
382	3.1416	10683.0	20000	FALSE	7937080	4.170406470827004e-06	5	0.056036949157714844	Needles1	
383	3.1416	4615.0	20000	FALSE	9587513	2.667639824593948e-07	5	0.02474188804626465	Needles1	
384	3.1416	3195.0	20000	FALSE	6459271	2.667639824593948e-07	5	0.015005111694335938	Needles1	
385	3.1416	14522.0	20000	FALSE	4104776	2.604915040560485e-06	5	0.07111787796020508	Needles1	
386	3.1416	355.0	20000	FALSE	7338485	2.667639824593948e-07	5	0.0017096996307373047	Needles1	
387	3.1416	13534.0	20000	FALSE	1343857	4.375193658034959e-06	5	0.06558799743652344	Needles1	
388	3.1416	5669.0	20000	FALSE	1943905	2.1853162399665393e-06	5	0.03281736373901367	Needles1	
389	3.1416	18394.0	20000	FALSE	8459051	4.267595123952361e-06	5	0.10880780220031738	Needles1	
390	3.1416	3916.0	20000	FALSE	846920	3.816526325639558e-06	5	0.022135257720947266	Needles1	
391	3.1416	8176.0	20000	FALSE	7373159	1.966967156707966e-06	5	0.045368194580078125	Needles1	
392	3.1416	1420.0	20000	FALSE	3346526	2.667639824593948e-07	5	0.007576704025268555	Needles1	
393	3.1416	12447.0	20000	FALSE	8859087	2.5003726449313035e-06	5	0.06466221809387207	Needles1	
394	3.1416	710.0	20000	FALSE	8382243	2.667639824593948e-07	5	0.005146980285644531	Needles1	
395	3.1416	13867.0	20000	FALSE	9648150	2.271647879581451e-06	5	0.08368372917175293	Needles1	
396	3.1416	5680.0	20000	FALSE	6297197	2.667639824593948e-07	5	0.03725695610046387	Needles1	
397	3.1416	11682.0	20000	FALSE	9804436	3.3030454256177677e-06	5	0.10177493095397949	Needles1	
398	3.1416	355.0	20000	FALSE	8104857	2.667639824593948e-07	5	0.0016520023345947266	Needles1	
399	3.1416	12458.0	20000	FALSE	248823	3.614219859837675e-06	5	0.07369637489318848	Needles1	
400	3.14159	11005.0	50000	FALSE	5683235	2.667639824593948e-07	6	0.05999422073364258	Needles1	
401	3.14159	47914.0	50000	FALSE	4361442	2.335690840737925e-08	6	0.25259923934936523	Needles1	
402	3.14159	6390.0	50000	FALSE	1400510	2.667639824593948e-07	6	0.0345759391784668	Needles1	
403	3.14159	1420.0	50000	FALSE	4871327	2.667639824593948e-07	6	0.007653713226318359	Needles1	
404	3.14159	13490.0	50000	FALSE	4689296	2.667639824593948e-07	6	0.08030319213867188	Needles1	
405	3.14159	20945.0	50000	FALSE	3541069	2.667639824593948e-07	6	0.1481022834777832	Needles1	
406	3.14159	1775.0	50000	FALSE	9758498	2.667639824593948e-07	6	0.008478403091430664	Needles1	
407	3.14159	2130.0	50000	FALSE	1109198	2.667639824593948e-07	6	0.016791820526123047	Needles1	
408	3.14159	34790.0	50000	FALSE	4043660	2.667639824593948e-07	6	0.2758619785308838	Needles1	
409	3.14159	1065.0	50000	FALSE	5454747	2.667639824593948e-07	6	0.006247282028198242	Needles1	
410	3.14159	12070.0	50000	FALSE	2871687	2.667639824593948e-07	6	0.11342096328735352	Needles1	
411	3.14159	8520.0	50000	FALSE	7945499	2.667639824593948e-07	6	0.0516049861907959	Needles1	
412	3.14159	37963.0	50000	FALSE	2335568	4.655727874336435e-07	6	0.26096272468566895	Needles1	
413	3.14159	12425.0	50000	FALSE	3253466	2.667639824593948e-07	6	0.08111000061035156	Needles1	
414	3.14159	2840.0	50000	FALSE	6625029	2.667639824593948e-07	6	0.027354001998901367	Needles1	
415	3.14159	2485.0	50000	FALSE	4798345	2.667639824593948e-07	6	0.020576953887939453	Needles1	
416	3.14159	6390.0	50000	FALSE	7860666	2.667639824593948e-07	6	0.05264687538146973	Needles1	
417	3.14159	1775.0	50000	FALSE	1896058	2.667639824593948e-07	6	0.011715173721313477	Needles1	
418	3.14159	37275.0	50000	FALSE	6471680	2.667639824593948e-07	6	0.23311591148376465	Needles1	
419	3.14159	20934.0	50000	FALSE	9701479	3.972682471875544e-07	6	0.12910914421081543	Needles1	
420	3.14159	12780.0	50000	FALSE	8951345	2.667639824593948e-07	6	0.07423210144042969	Needles1	
421	3.14159	37253.0	50000	FALSE	3745186	4.795302936955181e-07	6	0.3377237319946289	Needles1	
422	3.14159	35844.0	50000	FALSE	6695132	1.210513262961399e-07	6	0.1937551498413086	Needles1	
423	3.14159	355.0	50000	FALSE	9741470	2.667639824593948e-07	6	0.0016770362854003906	Needles1	
424	3.14159	39050.0	50000	FALSE	9438548	2.667639824593948e-07	6	0.20579290390014648	Needles1	
425	3.14159	6390.0	50000	FALSE	3021726	2.667639824593948e-07	6	0.037628889083862305	Needles1	
426	3.14159	2130.0	50000	FALSE	7131181	2.667639824593948e-07	6	0.012495040893554688	Needles1	
427	3.14159	1065.0	50000	FALSE	7411846	2.667639824593948e-07	6	0.005686044692993164	Needles1	
428	3.14159	16330.0	50000	FALSE	932481	2.667639824593948e-07	6	0.0887758731842041	Needles1	
429	3.14159	710.0	50000	FALSE	2736680	2.667639824593948e-07	6	0.005519866943359375	Needles1	
430	3.14159	355.0	50000	FALSE	7151764	2.667639824593948e-07	6	0.0017871856689453125	Needles1	
431	3.14159	4970.0	50000	FALSE	4495888	2.667639824593948e-07	6	0.024026155471801758	Needles1	
432	3.14159	6745.0	50000	FALSE	1349197	2.667639824593948e-07	6	0.03708600997924805	Needles1	
433	3.14159	1420.0	50000	FALSE	3509389	2.667639824593948e-07	6	0.007205009460449219	Needles1	
434	3.14159	3550.0	50000	FALSE	8241179	2.667639824593948e-07	6	0.019598722457885742	Needles1	
435	3.14159	355.0	50000	FALSE	7652379	2.667639824593948e-07	6	0.0019440650939941406	Needles1	
436	3.14159	47570.0	50000	FALSE	8178404	2.667639824593948e-07	6	0.2443687915802002	Needles1	
437	3.14159	2840.0	50000	FALSE	6673801	2.667639824593948e-07	6	0.017222881317138672	Needles1	
438	3.14159	10650.0	50000	FALSE	9501347	2.667639824593948e-07	6	0.0577242374420166	Needles1	
439	3.14159	17395.0	50000	FALSE	368980	2.667639824593948e-07	6	0.09567904472351074	Needles1	
440	3.14159	33004.0	50000	FALSE	3739206	1.5442289713618607e-07	6	0.17014002799987793	Needles1	
441	3.14159	6390.0	50000	FALSE	1701509	2.667639824593948e-07	6	0.03292489051818848	Needles1	
442	3.14159	710.0	50000	FALSE	889676	2.667639824593948e-07	6	0.003451108932495117	Needles1	
443	3.14159	18815.0	50000	FALSE	2590254	2.667639824593948e-07	6	0.10377097129821777	Needles1	
444	3.14159	6745.0	50000	FALSE	9557217	2.667639824593948e-07	6	0.037831783294677734	Needles1	
445	3.14159	44375.0	50000	FALSE	7074411	2.667639824593948e-07	6	0.23720884323120117	Needles1	
446	3.14159	19514.0	50000	FALSE	345233	4.4558871215016893e-07	6	0.10480403900146484	Needles1	
447	3.14159	2840.0	50000	FALSE	5761532	2.667639824593948e-07	6	0.016104936599731445	Needles1	
448	3.14159	15620.0	50000	FALSE	5977014	2.667639824593948e-07	6	0.08493375778198242	Needles1	
449	3.14159	19170.0	50000	FALSE	6071744	2.667639824593948e-07	6	0.10497403144836426	Needles1	
450	3.14159	39394.0	50000	FALSE	5143081	8.610325830105126e-08	6	0.20940589904785156	Needles1	
451	3.14159	8875.0	50000	FALSE	3494036	2.667639824593948e-07	6	0.0474240779876709	Needles1	
452	3.14159	1775.0	50000	FALSE	9601470	2.667639824593948e-07	6	0.008622884750366211	Needles1	
453	3.14159	355.0	50000	FALSE	9603111	2.667639824593948e-07	6	0.0016193389892578125	Needles1	
454	3.14159	28045.0	50000	FALSE	4170676	2.667639824593948e-07	6	0.15062189102172852	Needles1	
455	3.14159	710.0	50000	FALSE	2859368	2.667639824593948e-07	6	0.0039539337158203125	Needles1	
456	3.14159	47215.0	50000	FALSE	407340	2.667639824593948e-07	6	0.271136999130249	Needles1	
457	3.14159	355.0	50000	FALSE	8821205	2.667639824593948e-07	6	0.001936197280883789	Needles1	
458	3.14159	28045.0	50000	FALSE	4627462	2.667639824593948e-07	6	0.1488208770751953	Needles1	
459	3.14159	7100.0	50000	FALSE	7291178	2.667639824593948e-07	6	0.03907322883605957	Needles1	
460	3.14159	22720.0	50000	FALSE	4110227	2.667639824593948e-07	6	0.12788105010986328	Needles1	
461	3.14159	20934.0	50000	FALSE	7595378	3.972682471875544e-07	6	0.1140589714050293	Needles1	
462	3.14159	1065.0	50000	FALSE	5645027	2.667639824593948e-07	6	0.0048961639404296875	Needles1	
463	3.14159	355.0	50000	FALSE	9328436	2.667639824593948e-07	6	0.0017211437225341797	Needles1	
464	3.14159	12780.0	50000	FALSE	9702296	2.667639824593948e-07	6	0.06806707382202148	Needles1	
465	3.14159	1420.0	50000	FALSE	4899844	2.667639824593948e-07	6	0.0077588558197021484	Needles1	
466	3.14159	35855.0	50000	FALSE	1223361	2.667639824593948e-07	6	0.19951391220092773	Needles1	
467	3.14159	1420.0	50000	FALSE	4459280	2.667639824593948e-07	6	0.007156848907470703	Needles1	
468	3.14159	19159.0	50000	FALSE	9357183	4.587879995909816e-07	6	0.10532093048095703	Needles1	
469	3.14159	15620.0	50000	FALSE	867633	2.667639824593948e-07	6	0.0833590030670166	Needles1	
470	3.14159	1775.0	50000	FALSE	8149070	2.667639824593948e-07	6	0.012472867965698242	Needles1	
471	3.14159	26614.0	50000	FALSE	5599162	2.555495113298889e-07	6	0.14186596870422363	Needles1	
472	3.14159	9940.0	50000	FALSE	7173494	2.667639824593948e-07	6	0.04796600341796875	Needles1	
473	3.14159	1420.0	50000	FALSE	1811717	2.667639824593948e-07	6	0.010392189025878906	Needles1	
474	3.14159	12070.0	50000	FALSE	3596696	2.667639824593948e-07	6	0.06372618675231934	Needles1	
475	3.14159	6745.0	50000	FALSE	265294	2.667639824593948e-07	6	0.03801679611206055	Needles1	
476	3.14159	1065.0	50000	FALSE	9326032	2.667639824593948e-07	6	0.006227970123291016	Needles1	
477	3.14159	15265.0	50000	FALSE	2476858	2.667639824593948e-07	6	0.08626198768615723	Needles1	
478	3.14159	26270.0	50000	FALSE	7413981	2.667639824593948e-07	6	0.13536715507507324	Needles1	
479	3.14159	7455.0	50000	FALSE	3476669	2.667639824593948e-07	6	0.03752613067626953	Needles1	
480	3.14159	1065.0	50000	FALSE	4375545	2.667639824593948e-07	6	0.0052509307861328125	Needles1	
481	3.14159	2130.0	50000	FALSE	3610579	2.667639824593948e-07	6	0.011410951614379883	Needles1	
482	3.14159	2130.0	50000	FALSE	2145995	2.667639824593948e-07	6	0.012868165969848633	Needles1	
483	3.14159	19159.0	50000	FALSE	1257994	4.587879995909816e-07	6	0.10161685943603516	Needles1	
484	3.14159	1420.0	50000	FALSE	5788376	2.667639824593948e-07	6	0.00705409049987793	Needles1	
485	3.14159	8165.0	50000	FALSE	1551278	2.667639824593948e-07	6	0.044036865234375	Needles1	
486	3.14159	4260.0	50000	FALSE	3372930	2.667639824593948e-07	6	0.020159006118774414	Needles1	
487	3.14159	22010.0	50000	FALSE	636053	2.667639824593948e-07	6	0.11743283271789551	Needles1	
488	3.14159	38695.0	50000	FALSE	2791679	2.667639824593948e-07	6	0.20020413398742676	Needles1	
489	3.14159	355.0	50000	FALSE	2227533	2.667639824593948e-07	6	0.0019440650939941406	Needles1	
490	3.14159	1065.0	50000	FALSE	6978884	2.667639824593948e-07	6	0.006515026092529297	Needles1	
491	3.14159	30519.0	50000	FALSE	1728664	1.8871790175012393e-07	6	0.15641212463378906	Needles1	
492	3.14159	43665.0	50000	FALSE	527487	2.667639824593948e-07	6	0.24011707305908203	Needles1	
493	3.14159	4970.0	50000	FALSE	41714	2.667639824593948e-07	6	0.026047945022583008	Needles1	
494	3.14159	40115.0	50000	FALSE	1775816	2.667639824593948e-07	6	0.21391892433166504	Needles1	
495	3.14159	5680.0	50000	FALSE	2711487	2.667639824593948e-07	6	0.028031110763549805	Needles1	
496	3.14159	7810.0	50000	FALSE	623811	2.667639824593948e-07	6	0.045149803161621094	Needles1	
497	3.14159	36199.0	50000	FALSE	644235	1.1724806059376647e-07	6	0.20158982276916504	Needles1	
498	3.14159	7810.0	50000	FALSE	458455	2.667639824593948e-07	6	0.04143691062927246	Needles1	
499	3.14159	3550.0	50000	FALSE	7823193	2.667639824593948e-07	6	0.016787052154541016	Needles1	
500	3.141593	49334.0	100000	FALSE	4791217	1.5006244691306847e-08	7	0.2641432285308838	Needles1	
501	3.141593	62114.0	100000	FALSE	8400332	4.296817701643363e-08	7	0.34966492652893066	Needles1	
502	3.141593	58564.0	100000	FALSE	1543124	2.940224863579033e-08	7	0.3163437843322754	Needles1	
503	3.141593	53239.0	100000	FALSE	1890919	5.661172863824504e-09	7	0.2708461284637451	Needles1	
504	3.141593	95118.0	100000	FALSE	7936932	2.5522489899287848e-08	7	0.49738097190856934	Needles1	
505	3.141593	45784.0	100000	FALSE	8808715	3.685414373677531e-08	7	0.22603797912597656	Needles1	
506	3.141593	54659.0	100000	FALSE	2693519	1.244442815462321e-08	7	0.2686934471130371	Needles1	
507	3.141593	63889.0	100000	FALSE	9469586	4.918579721291394e-08	7	0.32776784896850586	Needles1	
508	3.141593	44719.0	100000	FALSE	182780	4.408492415564069e-08	7	0.22389602661132812	Needles1	
509	3.141593	60339.0	100000	FALSE	9297470	3.6384748103301945e-08	7	0.3004732131958008	Needles1	
510	3.141593	45429.0	100000	FALSE	4077659	3.922673474932026e-08	7	0.23296809196472168	Needles1	
511	3.141593	90148.0	100000	FALSE	253282	4.1636698089320134e-08	7	0.47203493118286133	Needles1	
512	3.141593	44364.0	100000	FALSE	4116824	4.657233176885711e-08	7	0.23708176612854004	Needles1	
513	3.141593	46494.0	100000	FALSE	8523693	3.2217656542599116e-08	7	0.23546409606933594	Needles1	
514	3.141593	49689.0	100000	FALSE	72975	1.2993154996365774e-08	7	0.2644650936126709	Needles1	
515	3.141593	61049.0	100000	FALSE	1748581	3.906405865450324e-08	7	0.3406708240509033	Needles1	
516	3.141593	88018.0	100000	FALSE	4810712	4.909986905943242e-08	7	0.45131611824035645	Needles1	
517	3.141593	44364.0	100000	FALSE	9018387	4.657233176885711e-08	7	0.23485994338989258	Needles1	
518	3.141593	62824.0	100000	FALSE	4645312	4.5497385858794814e-08	7	0.32206010818481445	Needles1	
519	3.141593	50754.0	100000	FALSE	822904	7.122852530017099e-09	7	0.2595491409301758	Needles1	
520	3.141593	48979.0	100000	FALSE	329930	1.7048516376405587e-08	7	0.25147080421447754	Needles1	
521	3.141593	59984.0	100000	FALSE	6248525	3.502130763166633e-08	7	0.3137547969818115	Needles1	
522	3.141593	61759.0	100000	FALSE	932072	4.168176515051414e-08	7	0.3174588680267334	Needles1	
523	3.141593	96183.0	100000	FALSE	9261204	2.2286106737823275e-08	7	0.5075619220733643	Needles1	
524	3.141593	48624.0	100000	FALSE	1417771	1.912060909603497e-08	7	0.2562718391418457	Needles1	
525	3.141593	50399.0	100000	FALSE	1015218	9.052053773217494e-09	7	0.25978994369506836	Needles1	
526	3.141593	50754.0	100000	FALSE	7460177	7.122852530017099e-09	7	0.2643001079559326	Needles1	
527	3.141593	56079.0	100000	FALSE	8610732	1.888416045758845e-08	7	0.2857201099395752	Needles1	
528	3.141593	61049.0	100000	FALSE	847336	3.906405865450324e-08	7	0.3224048614501953	Needles1	
529	3.141593	52884.0	100000	FALSE	9988628	3.908440682209857e-09	7	0.2641870975494385	Needles1	
530	3.141593	94763.0	100000	FALSE	417436	2.6617450021859668e-08	7	0.49091601371765137	Needles1	
531	3.141593	88373.0	100000	FALSE	7359182	4.783102403038697e-08	7	0.46126890182495117	Needles1	
532	3.141593	88373.0	100000	FALSE	2587224	4.783102403038697e-08	7	0.4606771469116211	Needles1	
533	3.141593	44364.0	100000	FALSE	6814668	4.657233176885711e-08	7	0.22805094718933105	Needles1	
534	3.141593	46494.0	100000	FALSE	9817484	3.2217656542599116e-08	7	0.25850415229797363	Needles1	
535	3.141593	57854.0	100000	FALSE	4130273	2.648928099091563e-08	7	0.2882990837097168	Needles1	
536	3.141593	60339.0	100000	FALSE	342070	3.6384748103301945e-08	7	0.3336639404296875	Needles1	
537	3.141593	63534.0	100000	FALSE	8756434	4.7970066141544976e-08	7	0.35695910453796387	Needles1	
538	3.141593	62469.0	100000	FALSE	3798287	4.4239968133297225e-08	7	0.3310818672180176	Needles1	
539	3.141593	47914.0	100000	FALSE	4592122	2.335690840737925e-08	7	0.25534892082214355	Needles1	
540	3.141593	55724.0	100000	FALSE	3426299	1.7304996546840812e-08	7	0.30238795280456543	Needles1	
541	3.141593	53239.0	100000	FALSE	2856724	5.661172863824504e-09	7	0.27263426780700684	Needles1	
542	3.141593	45074.0	100000	FALSE	5572070	4.1636698089320134e-08	7	0.23499488830566406	Needles1	
543	3.141593	53949.0	100000	FALSE	3380771	9.097436137750492e-09	7	0.275068998336792	Needles1	
544	3.141593	96538.0	100000	FALSE	7341237	2.122318054631478e-08	7	0.5321218967437744	Needles1	
545	3.141593	56789.0	100000	FALSE	2114509	2.1983257880719975e-08	7	0.2933790683746338	Needles1	
546	3.141593	44009.0	100000	FALSE	8547484	4.909986905943242e-08	7	0.2184441089630127	Needles1	
547	3.141593	44719.0	100000	FALSE	2775230	4.408492415564069e-08	7	0.22707033157348633	Needles1	
548	3.141593	50754.0	100000	FALSE	920668	7.122852530017099e-09	7	0.2540700435638428	Needles1	
549	3.141593	49334.0	100000	FALSE	3534297	1.5006244691306847e-08	7	0.26010704040527344	Needles1	
550	3.141593	58209.0	100000	FALSE	2251155	2.79546474857284e-08	7	0.2958509922027588	Needles1	
551	3.141593	55369.0	100000	FALSE	9938992	1.570558261221322e-08	7	0.2859349250793457	Needles1	
552	3.141593	45429.0	100000	FALSE	7043319	3.922673474932026e-08	7	0.22937488555908203	Needles1	
553	3.141593	99023.0	100000	FALSE	5445358	1.3996091396961674e-08	7	0.5011579990386963	Needles1	
554	3.141593	46849.0	100000	FALSE	6938074	2.995211234591011e-08	7	0.2369542121887207	Needles1	
555	3.141593	63889.0	100000	FALSE	4133538	4.918579721291394e-08	7	0.33226776123046875	Needles1	
556	3.141593	44009.0	100000	FALSE	8205907	4.909986905943242e-08	7	0.23468804359436035	Needles1	
557	3.141593	51464.0	100000	FALSE	1819304	3.3442959512797188e-09	7	0.33868908882141113	Needles1	
558	3.141593	44364.0	100000	FALSE	842192	4.657233176885711e-08	7	0.3511521816253662	Needles1	
559	3.141593	55724.0	100000	FALSE	8950642	1.7304996546840812e-08	7	0.3038041591644287	Needles1	
560	3.141593	99733.0	100000	FALSE	8435562	1.1997358662085844e-08	7	0.5726382732391357	Needles1	
561	3.141593	94053.0	100000	FALSE	3506660	2.8832167320302915e-08	7	0.49030494689941406	Needles1	
562	3.141593	44719.0	100000	FALSE	3833525	4.408492415564069e-08	7	0.2551240921020508	Needles1	
563	3.141593	97958.0	100000	FALSE	7724122	1.7048516376405587e-08	7	0.5631048679351807	Needles1	
564	3.141593	44364.0	100000	FALSE	5245079	4.657233176885711e-08	7	0.2303318977355957	Needles1	
565	3.141593	50399.0	100000	FALSE	7948405	9.052053773217494e-09	7	0.26206374168395996	Needles1	
566	3.141593	99733.0	100000	FALSE	5289859	1.1997358662085844e-08	7	0.51198410987854	Needles1	
567	3.141593	47204.0	100000	FALSE	5749606	2.7720644446560527e-08	7	0.25465917587280273	Needles1	
568	3.141593	54659.0	100000	FALSE	6134205	1.244442815462321e-08	7	0.2778661251068115	Needles1	
569	3.141593	50044.0	100000	FALSE	9474453	1.1008626010777789e-08	7	0.26032376289367676	Needles1	
570	3.141593	44009.0	100000	FALSE	1497360	4.909986905943242e-08	7	0.22954893112182617	Needles1	
571	3.141593	63889.0	100000	FALSE	9927641	4.918579721291394e-08	7	0.3280932903289795	Needles1	
572	3.141593	93343.0	100000	FALSE	6107008	3.108057633482986e-08	7	0.47001028060913086	Needles1	
573	3.141593	50754.0	100000	FALSE	1238996	7.122852530017099e-09	7	0.2684178352355957	Needles1	
574	3.141593	60339.0	100000	FALSE	3990075	3.6384748103301945e-08	7	0.31705403327941895	Needles1	
575	3.141593	55724.0	100000	FALSE	8454162	1.7304996546840812e-08	7	0.29718494415283203	Needles1	
576	3.141593	44009.0	100000	FALSE	1976792	4.909986905943242e-08	7	0.22483515739440918	Needles1	
577	3.141593	44364.0	100000	FALSE	7155210	4.657233176885711e-08	7	0.23383593559265137	Needles1	
578	3.141593	53949.0	100000	FALSE	7954666	9.097436137750492e-09	7	0.2750380039215088	Needles1	
579	3.141593	57144.0	100000	FALSE	2301354	2.3503927693013793e-08	7	0.3022761344909668	Needles1	
580	3.141593	45074.0	100000	FALSE	3017524	4.1636698089320134e-08	7	0.234832763671875	Needles1	
581	3.141593	51464.0	100000	FALSE	807044	3.3442959512797188e-09	7	0.26577305793762207	Needles1	
582	3.141593	94053.0	100000	FALSE	319377	2.8832167320302915e-08	7	0.5037829875946045	Needles1	
583	3.141593	49689.0	100000	FALSE	2202384	1.2993154996365774e-08	7	0.25389599800109863	Needles1	
584	3.141593	92633.0	100000	FALSE	9460185	3.336345200111168e-08	7	0.4754929542541504	Needles1	
585	3.141593	54659.0	100000	FALSE	8114588	1.244442815462321e-08	7	0.26889801025390625	Needles1	
586	3.141593	47559.0	100000	FALSE	824985	2.5522489899287848e-08	7	0.2423999309539795	Needles1	
587	3.141593	48269.0	100000	FALSE	1149594	2.122318054631478e-08	7	0.24756217002868652	Needles1	
588	3.141593	59629.0	100000	FALSE	7445656	3.364163259078623e-08	7	0.3224751949310303	Needles1	
589	3.141593	59984.0	100000	FALSE	1077563	3.502130763166633e-08	7	0.31562328338623047	Needles1	
590	3.141593	47559.0	100000	FALSE	260774	2.5522489899287848e-08	7	0.24620699882507324	Needles1	
591	3.141593	55369.0	100000	FALSE	4088541	1.570558261221322e-08	7	0.2650730609893799	Needles1	
592	3.141593	99733.0	100000	FALSE	9620238	1.1997358662085844e-08	7	0.49672603607177734	Needles1	
593	3.141593	48624.0	100000	FALSE	1803506	1.912060909603497e-08	7	0.2511301040649414	Needles1	
594	3.141593	56434.0	100000	FALSE	1498354	2.0443456705265817e-08	7	0.3152780532836914	Needles1	
595	3.141593	55724.0	100000	FALSE	3286458	1.7304996546840812e-08	7	0.28222179412841797	Needles1	
596	3.141593	94408.0	100000	FALSE	7261982	2.7720644446560527e-08	7	0.5415680408477783	Needles1	
597	3.141593	60339.0	100000	FALSE	8860699	3.6384748103301945e-08	7	0.31305408477783203	Needles1	
598	3.141593	55014.0	100000	FALSE	8886671	1.4085527411111798e-08	7	0.2890448570251465	Needles1	
599	3.141593	50044.0	100000	FALSE	3382053	1.1008626010777789e-08	7	0.2774391174316406	Needles1	
