sampleId	piHat	cntProbe	isCensored	seedInit	OFError	signifDigits	runtime	solverName	
1	3.1	22.0	FALSE	3153167	0.0012644892671427321	2	7.581710815429688e-05	Needles1	
2	3.1	11.0	FALSE	7189039	0.0012644892671427321	2	4.00543212890625e-05	Needles1	
3	3.1	22.0	FALSE	4806826	0.0012644892671427321	2	7.200241088867188e-05	Needles1	
4	3.1	11.0	FALSE	7631871	0.0012644892671427321	2	3.886222839355469e-05	Needles1	
5	3.1	22.0	FALSE	1650789	0.0012644892671427321	2	7.295608520507812e-05	Needles1	
6	3.1	55.0	FALSE	5790950	0.0012644892671427321	2	0.0003120899200439453	Needles1	
7	3.1	146.0	FALSE	672901	0.001807707353441046	2	0.000823974609375	Needles1	
8	3.1	66.0	FALSE	8223653	0.0012644892671427321	2	0.0003859996795654297	Needles1	
9	3.1	22.0	FALSE	135379	0.0012644892671427321	2	0.00010395050048828125	Needles1	
10	3.1	102.0	FALSE	7639321	0.003131115128461648	2	0.00045800209045410156	Needles1	
11	3.1	66.0	FALSE	2225742	0.0012644892671427321	2	0.0002980232238769531	Needles1	
12	3.1	88.0	FALSE	9475061	0.0012644892671427321	2	0.0003972053527832031	Needles1	
13	3.1	66.0	FALSE	7787493	0.0012644892671427321	2	0.00029587745666503906	Needles1	
14	3.1	22.0	FALSE	4759985	0.0012644892671427321	2	0.000102996826171875	Needles1	
15	3.1	22.0	FALSE	5688322	0.0012644892671427321	2	0.000102996826171875	Needles1	
16	3.1	11.0	FALSE	8790901	0.0012644892671427321	2	5.2928924560546875e-05	Needles1	
17	3.1	55.0	FALSE	8727817	0.0012644892671427321	2	0.00025010108947753906	Needles1	
18	3.1	22.0	FALSE	2708581	0.0012644892671427321	2	0.00010609626770019531	Needles1	
19	3.1	121.0	FALSE	5084775	0.0012644892671427321	2	0.0005409717559814453	Needles1	
20	3.1	11.0	FALSE	8498693	0.0012644892671427321	2	5.507469177246094e-05	Needles1	
21	3.1	11.0	FALSE	9684661	0.0012644892671427321	2	5.507469177246094e-05	Needles1	
22	3.1	184.0	FALSE	2628684	0.0037064917091451655	2	0.0009369850158691406	Needles1	
23	3.1	11.0	FALSE	6908179	0.0012644892671427321	2	7.82012939453125e-05	Needles1	
24	3.1	88.0	FALSE	5969794	0.0012644892671427321	2	0.0003960132598876953	Needles1	
25	3.1	173.0	FALSE	9477047	0.0038618918645454414	2	0.0007779598236083984	Needles1	
26	3.1	44.0	FALSE	2800338	0.0012644892671427321	2	0.00016021728515625	Needles1	
27	3.1	113.0	FALSE	52462	0.002703764701111222	2	0.0004150867462158203	Needles1	
28	3.1	11.0	FALSE	8634301	0.0012644892671427321	2	4.601478576660156e-05	Needles1	
29	3.1	11.0	FALSE	3160444	0.0012644892671427321	2	4.57763671875e-05	Needles1	
30	3.1	33.0	FALSE	9125636	0.0012644892671427321	2	0.0001289844512939453	Needles1	
31	3.1	11.0	FALSE	575554	0.0012644892671427321	2	4.506111145019531e-05	Needles1	
32	3.1	121.0	FALSE	321237	0.0012644892671427321	2	0.0004417896270751953	Needles1	
33	3.1	121.0	FALSE	8690062	0.0012644892671427321	2	0.0004391670227050781	Needles1	
34	3.1	11.0	FALSE	1624302	0.0012644892671427321	2	4.506111145019531e-05	Needles1	
35	3.1	44.0	FALSE	5452725	0.0012644892671427321	2	0.0001621246337890625	Needles1	
36	3.1	165.0	FALSE	2577790	0.0012644892671427321	2	0.0005970001220703125	Needles1	
37	3.1	33.0	FALSE	141718	0.0012644892671427321	2	0.00012493133544921875	Needles1	
38	3.1	33.0	FALSE	2925205	0.0012644892671427321	2	0.0001239776611328125	Needles1	
39	3.1	11.0	FALSE	1465392	0.0012644892671427321	2	4.291534423828125e-05	Needles1	
40	3.1	22.0	FALSE	7537262	0.0012644892671427321	2	8.416175842285156e-05	Needles1	
41	3.1	55.0	FALSE	2703792	0.0012644892671427321	2	0.0002028942108154297	Needles1	
42	3.1	99.0	FALSE	1465966	0.0012644892671427321	2	0.00036215782165527344	Needles1	
43	3.1	33.0	FALSE	3604021	0.0012644892671427321	2	0.00012302398681640625	Needles1	
44	3.1	110.0	FALSE	1228752	0.0012644892671427321	2	0.0003981590270996094	Needles1	
45	3.1	22.0	FALSE	3209718	0.0012644892671427321	2	8.392333984375e-05	Needles1	
46	3.1	80.0	FALSE	9089599	0.004337751629215791	2	0.0002932548522949219	Needles1	
47	3.1	91.0	FALSE	7796723	0.0036616191072416093	2	0.0003337860107421875	Needles1	
48	3.1	168.0	FALSE	3469475	0.0014057377021496897	2	0.0005650520324707031	Needles1	
49	3.1	66.0	FALSE	9585874	0.0012644892671427321	2	0.000209808349609375	Needles1	
50	3.1	77.0	FALSE	1882481	0.0012644892671427321	2	0.0002448558807373047	Needles1	
51	3.1	80.0	FALSE	2315650	0.004337751629215791	2	0.0002551078796386719	Needles1	
52	3.1	11.0	FALSE	5987131	0.0012644892671427321	2	3.814697265625e-05	Needles1	
53	3.1	33.0	FALSE	2003056	0.0012644892671427321	2	0.00010704994201660156	Needles1	
54	3.1	88.0	FALSE	4593639	0.0012644892671427321	2	0.00027489662170410156	Needles1	
55	3.1	11.0	FALSE	9504745	0.0012644892671427321	2	3.695487976074219e-05	Needles1	
56	3.1	55.0	FALSE	3558993	0.0012644892671427321	2	0.0001766681671142578	Needles1	
57	3.1	77.0	FALSE	7064575	0.0012644892671427321	2	0.0002429485321044922	Needles1	
58	3.1	102.0	FALSE	5701478	0.003131115128461648	2	0.00031876564025878906	Needles1	
59	3.1	11.0	FALSE	480123	0.0012644892671427321	2	4.315376281738281e-05	Needles1	
60	3.1	179.0	FALSE	5222525	0.0012417763970176132	2	0.0005660057067871094	Needles1	
61	3.1	11.0	FALSE	3030399	0.0012644892671427321	2	3.886222839355469e-05	Needles1	
62	3.1	55.0	FALSE	7453199	0.0012644892671427321	2	0.0001747608184814453	Needles1	
63	3.1	66.0	FALSE	9147737	0.0012644892671427321	2	0.00020813941955566406	Needles1	
64	3.1	33.0	FALSE	9413443	0.0012644892671427321	2	0.00011205673217773438	Needles1	
65	3.1	33.0	FALSE	304848	0.0012644892671427321	2	0.0001049041748046875	Needles1	
66	3.1	88.0	FALSE	9542098	0.0012644892671427321	2	0.0002791881561279297	Needles1	
67	3.1	157.0	FALSE	4145068	0.0015926535899999372	2	0.0004999637603759766	Needles1	
68	3.1	33.0	FALSE	4664787	0.0012644892671427321	2	0.00010776519775390625	Needles1	
69	3.1	55.0	FALSE	555807	0.0012644892671427321	2	0.00017595291137695312	Needles1	
70	3.1	250.0	FALSE	4113900	0.0030614344603145938	2	0.0007841587066650391	Needles1	
71	3.1	80.0	FALSE	7256487	0.004337751629215791	2	0.0002532005310058594	Needles1	
72	3.1	11.0	FALSE	524378	0.0012644892671427321	2	4.506111145019531e-05	Needles1	
73	3.1	110.0	FALSE	2732888	0.0012644892671427321	2	0.00034999847412109375	Needles1	
74	3.1	206.0	FALSE	8496296	0.0034455143489311446	2	0.0006442070007324219	Needles1	
75	3.1	11.0	FALSE	7404530	0.0012644892671427321	2	3.814697265625e-05	Needles1	
76	3.1	77.0	FALSE	5325918	0.0012644892671427321	2	0.0002548694610595703	Needles1	
77	3.1	33.0	FALSE	9950193	0.0012644892671427321	2	0.00010800361633300781	Needles1	
78	3.1	55.0	FALSE	4484509	0.0012644892671427321	2	0.00017786026000976562	Needles1	
79	3.1	44.0	FALSE	3503111	0.0012644892671427321	2	0.00014209747314453125	Needles1	
80	3.1	55.0	FALSE	2697287	0.0012644892671427321	2	0.00017714500427246094	Needles1	
81	3.1	91.0	FALSE	7279829	0.0036616191072416093	2	0.00029015541076660156	Needles1	
82	3.1	44.0	FALSE	3539441	0.0012644892671427321	2	0.00014019012451171875	Needles1	
83	3.1	55.0	FALSE	9509457	0.0012644892671427321	2	0.00017714500427246094	Needles1	
84	3.1	247.0	FALSE	390098	0.004904161696624332	2	0.0007748603820800781	Needles1	
85	3.1	22.0	FALSE	7938221	0.0012644892671427321	2	7.295608520507812e-05	Needles1	
86	3.1	11.0	FALSE	1555864	0.0012644892671427321	2	3.790855407714844e-05	Needles1	
87	3.1	11.0	FALSE	6186467	0.0012644892671427321	2	3.7670135498046875e-05	Needles1	
88	3.1	11.0	FALSE	7894667	0.0012644892671427321	2	3.981590270996094e-05	Needles1	
89	3.1	11.0	FALSE	3953451	0.0012644892671427321	2	3.814697265625e-05	Needles1	
90	3.1	44.0	FALSE	3455932	0.0012644892671427321	2	0.000141143798828125	Needles1	
91	3.1	22.0	FALSE	3038873	0.0012644892671427321	2	7.200241088867188e-05	Needles1	
92	3.1	110.0	FALSE	2650198	0.0012644892671427321	2	0.00034880638122558594	Needles1	
93	3.1	11.0	FALSE	7524348	0.0012644892671427321	2	3.814697265625e-05	Needles1	
94	3.1	154.0	FALSE	7552636	0.0012644892671427321	2	0.0004899501800537109	Needles1	
95	3.1	33.0	FALSE	6686321	0.0012644892671427321	2	0.00010776519775390625	Needles1	
96	3.1	33.0	FALSE	255580	0.0012644892671427321	2	0.00010585784912109375	Needles1	
97	3.1	44.0	FALSE	4201026	0.0012644892671427321	2	0.0001430511474609375	Needles1	
98	3.1	11.0	FALSE	8240466	0.0012644892671427321	2	3.790855407714844e-05	Needles1	
99	3.1	77.0	FALSE	3090310	0.0012644892671427321	2	0.00024509429931640625	Needles1	
100	3.14	523.0	FALSE	6174647	0.00045151244885888175	3	0.0016551017761230469	Needles1	
101	3.14	432.0	FALSE	7684949	0.0002255282281815596	3	0.001386880874633789	Needles1	
102	3.14	556.0	FALSE	5197363	0.0003497157368927972	3	0.0017521381378173828	Needles1	
103	3.14	432.0	FALSE	6226073	0.0002255282281815596	3	0.0014259815216064453	Needles1	
104	3.14	432.0	FALSE	4552021	0.0002255282281815596	3	0.0013589859008789062	Needles1	
105	3.14	600.0	FALSE	2086440	0.00023139704549723916	3	0.002691030502319336	Needles1	
106	3.14	311.0	FALSE	2716471	0.000178512175858625	3	0.0011281967163085938	Needles1	
107	3.14	256.0	FALSE	40021	0.0004883591114723806	3	0.0007979869842529297	Needles1	
108	3.14	443.0	FALSE	6244508	0.0002513180412058169	3	0.0014150142669677734	Needles1	
109	3.14	567.0	FALSE	9245400	0.00031841536285304173	3	0.0017781257629394531	Needles1	
110	3.14	300.0	FALSE	1665436	0.00023139704549723916	3	0.0009489059448242188	Needles1	
111	3.14	520.0	FALSE	7304104	0.0004013041139274698	3	0.0016260147094726562	Needles1	
112	3.14	699.0	FALSE	723302	1.961988213494692e-05	3	0.0022063255310058594	Needles1	
113	3.14	300.0	FALSE	9197845	0.00023139704549723916	3	0.0009500980377197266	Needles1	
114	3.14	267.0	FALSE	2348072	0.0004161830017648249	3	0.001010894775390625	Needles1	
115	3.14	278.0	FALSE	322272	0.0003497157368927972	3	0.0011451244354248047	Needles1	
116	3.14	333.0	FALSE	176421	8.321962773605307e-05	3	0.0012180805206298828	Needles1	
117	3.14	256.0	FALSE	1957722	0.0004883591114723806	3	0.0012962818145751953	Needles1	
118	3.14	344.0	FALSE	6921870	4.0142174475121806e-05	3	0.001094818115234375	Needles1	
119	3.14	256.0	FALSE	2666839	0.0004883591114723806	3	0.0007901191711425781	Needles1	
120	3.14	553.0	FALSE	6942367	0.00045280095545452426	3	0.0017178058624267578	Needles1	
121	3.14	333.0	FALSE	2915397	8.321962773605307e-05	3	0.0010328292846679688	Needles1	
122	3.14	421.0	FALSE	9445098	0.0001983911861191956	3	0.0014243125915527344	Needles1	
123	3.14	366.0	FALSE	39891	3.824769755356172e-05	3	0.0011529922485351562	Needles1	
124	3.14	710.0	FALSE	9660758	2.667639824593948e-07	3	0.002232074737548828	Needles1	
125	3.14	556.0	FALSE	6873292	0.0003497157368927972	3	0.002162933349609375	Needles1	
126	3.14	564.0	FALSE	6416139	0.00046862774704736765	3	0.0020651817321777344	Needles1	
127	3.14	611.0	FALSE	8739625	0.00020447878280194232	3	0.0019600391387939453	Needles1	
128	3.14	366.0	FALSE	6146740	3.824769755356172e-05	3	0.0013451576232910156	Needles1	
129	3.14	256.0	FALSE	1524210	0.0004883591114723806	3	0.0007939338684082031	Needles1	
130	3.14	278.0	FALSE	7660514	0.0003497157368927972	3	0.0008618831634521484	Needles1	
131	3.14	520.0	FALSE	7020748	0.0004013041139274698	3	0.0016448497772216797	Needles1	
132	3.14	666.0	FALSE	2966258	8.321962773605307e-05	3	0.0020799636840820312	Needles1	
133	3.14	509.0	FALSE	176920	0.0003826550519754335	3	0.0015971660614013672	Needles1	
134	3.14	410.0	FALSE	8749034	0.0001697985172794958	3	0.0013079643249511719	Needles1	
135	3.14	410.0	FALSE	7763091	0.0001697985172794958	3	0.0015120506286621094	Needles1	
136	3.14	322.0	FALSE	7579325	0.00012923895585359446	3	0.0017910003662109375	Needles1	
137	3.14	366.0	FALSE	3510947	3.824769755356172e-05	3	0.0019409656524658203	Needles1	
138	3.14	410.0	FALSE	5622480	0.0001697985172794958	3	0.0019042491912841797	Needles1	
139	3.14	487.0	FALSE	5313648	0.00034283028096782076	3	0.0018420219421386719	Needles1	
140	3.14	754.0	FALSE	4464324	7.401307666654589e-05	3	0.0027379989624023438	Needles1	
141	3.14	278.0	FALSE	4553373	0.0003497157368927972	3	0.0010120868682861328	Needles1	
142	3.14	476.0	FALSE	7440386	0.0003215378291416826	3	0.0015411376953125	Needles1	
143	3.14	476.0	FALSE	2454480	0.0003215378291416826	3	0.0015041828155517578	Needles1	
144	3.14	399.0	FALSE	2366700	0.00013962987456705989	3	0.0012590885162353516	Needles1	
145	3.14	278.0	FALSE	2598142	0.0003497157368927972	3	0.0008697509765625	Needles1	
146	3.14	344.0	FALSE	7256773	4.0142174475121806e-05	3	0.0010919570922851562	Needles1	
147	3.14	666.0	FALSE	9195941	8.321962773605307e-05	3	0.0021021366119384766	Needles1	
148	3.14	399.0	FALSE	6991227	0.00013962987456705989	3	0.001241922378540039	Needles1	
149	3.14	300.0	FALSE	3470056	0.00023139704549723916	3	0.0009419918060302734	Needles1	
150	3.14	710.0	FALSE	8010728	2.667639824593948e-07	3	0.0022377967834472656	Needles1	
151	3.14	278.0	FALSE	4945345	0.0003497157368927972	3	0.0008709430694580078	Needles1	
152	3.14	278.0	FALSE	6914901	0.0003497157368927972	3	0.0008711814880371094	Needles1	
153	3.14	300.0	FALSE	3655202	0.00023139704549723916	3	0.0009448528289794922	Needles1	
154	3.14	366.0	FALSE	9244992	3.824769755356172e-05	3	0.0012998580932617188	Needles1	
155	3.14	278.0	FALSE	9180575	0.0003497157368927972	3	0.001561880111694336	Needles1	
156	3.14	421.0	FALSE	9962448	0.0001983911861191956	3	0.002228975296020508	Needles1	
157	3.14	388.0	FALSE	5563698	0.0001077512682994275	3	0.0018019676208496094	Needles1	
158	3.14	421.0	FALSE	7121038	0.0001983911861191956	3	0.0015139579772949219	Needles1	
159	3.14	542.0	FALSE	6849429	0.00043633191724623543	3	0.002112150192260742	Needles1	
160	3.14	710.0	FALSE	7144110	2.667639824593948e-07	3	0.0025930404663085938	Needles1	
161	3.14	278.0	FALSE	1233946	0.0003497157368927972	3	0.0008702278137207031	Needles1	
162	3.14	688.0	FALSE	3271632	4.0142174475121806e-05	3	0.0022242069244384766	Needles1	
163	3.14	289.0	FALSE	9448681	0.00028830576391314366	3	0.0008959770202636719	Needles1	
164	3.14	344.0	FALSE	6358649	4.0142174475121806e-05	3	0.0011258125305175781	Needles1	
165	3.14	454.0	FALSE	799093	0.0002758585207267572	3	0.0014269351959228516	Needles1	
166	3.14	388.0	FALSE	4495946	0.0001077512682994275	3	0.0012328624725341797	Needles1	
167	3.14	476.0	FALSE	3435540	0.0003215378291416826	3	0.0015139579772949219	Needles1	
168	3.14	256.0	FALSE	8533776	0.0004883591114723806	3	0.0008099079132080078	Needles1	
169	3.14	410.0	FALSE	3454665	0.0001697985172794958	3	0.0012900829315185547	Needles1	
170	3.14	333.0	FALSE	5843433	8.321962773605307e-05	3	0.0010840892791748047	Needles1	
171	3.14	644.0	FALSE	691396	0.00012923895585359446	3	0.002029895782470703	Needles1	
172	3.14	311.0	FALSE	4498446	0.000178512175858625	3	0.0009789466857910156	Needles1	
173	3.14	622.0	FALSE	4769362	0.000178512175858625	3	0.0019719600677490234	Needles1	
174	3.14	553.0	FALSE	9232980	0.00045280095545452426	3	0.0017359256744384766	Needles1	
175	3.14	589.0	FALSE	5461534	0.00025932025666675074	3	0.0018639564514160156	Needles1	
176	3.14	256.0	FALSE	9300211	0.0004883591114723806	3	0.0008099079132080078	Needles1	
177	3.14	267.0	FALSE	6394499	0.0004161830017648249	3	0.0008339881896972656	Needles1	
178	3.14	644.0	FALSE	336185	0.00012923895585359446	3	0.0020232200622558594	Needles1	
179	3.14	256.0	FALSE	1649549	0.0004883591114723806	3	0.0008032321929931641	Needles1	
180	3.14	432.0	FALSE	6649996	0.0002255282281815596	3	0.0013670921325683594	Needles1	
181	3.14	388.0	FALSE	2883630	0.0001077512682994275	3	0.0012230873107910156	Needles1	
182	3.14	267.0	FALSE	7892692	0.0004161830017648249	3	0.0009617805480957031	Needles1	
183	3.14	399.0	FALSE	9803027	0.00013962987456705989	3	0.0014522075653076172	Needles1	
184	3.14	688.0	FALSE	7663770	4.0142174475121806e-05	3	0.0025200843811035156	Needles1	
185	3.14	256.0	FALSE	8458766	0.0004883591114723806	3	0.0008511543273925781	Needles1	
186	3.14	633.0	FALSE	3411349	0.00015344763466496047	3	0.001970052719116211	Needles1	
187	3.14	465.0	FALSE	2891159	0.00029923830189204637	3	0.0014460086822509766	Needles1	
188	3.14	377.0	FALSE	3221775	7.401307666654589e-05	3	0.0011708736419677734	Needles1	
189	3.14	399.0	FALSE	5405653	0.00013962987456705989	3	0.0012640953063964844	Needles1	
190	3.14	311.0	FALSE	3174563	0.000178512175858625	3	0.0009679794311523438	Needles1	
191	3.14	377.0	FALSE	2368435	7.401307666654589e-05	3	0.0011780261993408203	Needles1	
192	3.14	256.0	FALSE	3767695	0.0004883591114723806	3	0.0008101463317871094	Needles1	
193	3.14	633.0	FALSE	8024939	0.00015344763466496047	3	0.002009153366088867	Needles1	
194	3.14	545.0	FALSE	3869639	0.00038227895023057457	3	0.002435922622680664	Needles1	
195	3.14	278.0	FALSE	6033737	0.0003497157368927972	3	0.0012359619140625	Needles1	
196	3.14	476.0	FALSE	771033	0.0003215378291416826	3	0.0021321773529052734	Needles1	
197	3.14	289.0	FALSE	5387786	0.00028830576391314366	3	0.001190185546875	Needles1	
198	3.14	732.0	FALSE	361559	3.824769755356172e-05	3	0.0026710033416748047	Needles1	
199	3.14	611.0	FALSE	5549966	0.00020447878280194232	3	0.0021529197692871094	Needles1	
200	3.142	4348.0	FALSE	1358054	2.5843519826374006e-05	4	0.013784170150756836	Needles1	
201	3.142	2507.0	FALSE	8714928	1.1356435062559456e-05	4	0.007951974868774414	Needles1	
202	3.142	1409.0	FALSE	1039737	9.598963467194466e-06	4	0.004464864730834961	Needles1	
203	3.142	1043.0	FALSE	421041	2.6388529759113766e-05	4	0.0032651424407958984	Needles1	
204	3.142	1043.0	FALSE	5577646	2.6388529759113766e-05	4	0.003668069839477539	Needles1	
205	3.142	1065.0	FALSE	3176401	2.667639824593948e-07	4	0.0036280155181884766	Needles1	
206	3.142	1808.0	FALSE	1794769	2.333250904440476e-05	4	0.005699872970581055	Needles1	
207	3.142	3305.0	FALSE	4662990	4.2327398593222654e-05	4	0.010848045349121094	Needles1	
208	3.142	1387.0	FALSE	6820915	2.9799682865316868e-05	4	0.004373073577880859	Needles1	
209	3.142	1453.0	FALSE	1081819	2.896803162144579e-05	4	0.00455021858215332	Needles1	
210	3.142	355.0	FALSE	7620777	2.667639824593948e-07	4	0.0010960102081298828	Needles1	
211	3.142	721.0	FALSE	5141668	1.9546845729578877e-05	4	0.002321004867553711	Needles1	
212	3.142	1065.0	FALSE	2897086	2.667639824593948e-07	4	0.005747795104980469	Needles1	
213	3.142	2796.0	FALSE	4059315	1.961988213494692e-05	4	0.010662078857421875	Needles1	
214	3.142	721.0	FALSE	2433716	1.9546845729578877e-05	4	0.002269268035888672	Needles1	
215	3.142	1409.0	FALSE	8586100	9.598963467194466e-06	4	0.005765199661254883	Needles1	
216	3.142	2108.0	FALSE	8675940	1.2921846333835418e-05	4	0.0068359375	Needles1	
217	3.142	2573.0	FALSE	1669198	4.348804614151547e-05	4	0.007988929748535156	Needles1	
218	3.142	1442.0	FALSE	3244579	1.9546845729578877e-05	4	0.004492998123168945	Needles1	
219	3.142	688.0	FALSE	5724094	4.0142174475121806e-05	4	0.0021800994873046875	Needles1	
220	3.142	1098.0	FALSE	6305395	3.824769755356172e-05	4	0.0038268566131591797	Needles1	
221	3.142	3440.0	FALSE	3885676	4.0142174475121806e-05	4	0.012485265731811523	Needles1	
222	3.142	3638.0	FALSE	8202275	3.0835183747690564e-05	4	0.014294147491455078	Needles1	
223	3.142	1032.0	FALSE	1406964	4.0142174475121806e-05	4	0.003206968307495117	Needles1	
224	3.142	699.0	FALSE	6576202	1.961988213494692e-05	4	0.0021750926971435547	Needles1	
225	3.142	344.0	FALSE	6661975	4.0142174475121806e-05	4	0.0010929107666015625	Needles1	
226	3.142	2130.0	FALSE	7091762	2.667639824593948e-07	4	0.006694793701171875	Needles1	
227	3.142	1420.0	FALSE	1541084	2.667639824593948e-07	4	0.004530906677246094	Needles1	
228	3.142	2485.0	FALSE	3219452	2.667639824593948e-07	4	0.007825851440429688	Needles1	
229	3.142	2518.0	FALSE	9176314	1.682863083596331e-05	4	0.010213851928710938	Needles1	
230	3.142	721.0	FALSE	5358823	1.9546845729578877e-05	4	0.003010988235473633	Needles1	
231	3.142	1043.0	FALSE	9174407	2.6388529759113766e-05	4	0.0037620067596435547	Needles1	
232	3.142	3572.0	FALSE	320578	8.050015980476388e-06	4	0.011553049087524414	Needles1	
233	3.142	1442.0	FALSE	6404349	1.9546845729578877e-05	4	0.004508256912231445	Needles1	
234	3.142	1087.0	FALSE	4557341	2.5843519826374006e-05	4	0.003434896469116211	Needles1	
235	3.142	2562.0	FALSE	9196126	3.824769755356172e-05	4	0.008123159408569336	Needles1	
236	3.142	2196.0	FALSE	8601397	3.824769755356172e-05	4	0.0068509578704833984	Needles1	
237	3.142	3916.0	FALSE	251796	3.816526325639558e-06	4	0.012238025665283203	Needles1	
238	3.142	4780.0	FALSE	144089	4.388929531051744e-05	4	0.015287160873413086	Needles1	
239	3.142	344.0	FALSE	173637	4.0142174475121806e-05	4	0.0010647773742675781	Needles1	
240	3.142	3206.0	FALSE	5201022	4.602656937802152e-06	4	0.010013103485107422	Needles1	
241	3.142	4571.0	FALSE	4757644	1.1897576254416009e-05	4	0.014387130737304688	Needles1	
242	3.142	3228.0	FALSE	1672951	1.3185826058137451e-05	4	0.010103940963745117	Needles1	
243	3.142	3272.0	FALSE	8015923	3.0006035539820175e-05	4	0.010174036026000977	Needles1	
244	3.142	1043.0	FALSE	6685828	2.6388529759113766e-05	4	0.003256082534790039	Needles1	
245	3.142	721.0	FALSE	1693203	1.9546845729578877e-05	4	0.002257108688354492	Needles1	
246	3.142	1387.0	FALSE	5700144	2.9799682865316868e-05	4	0.004374027252197266	Needles1	
247	3.142	3096.0	FALSE	5180954	4.0142174475121806e-05	4	0.009688138961791992	Needles1	
248	3.142	355.0	FALSE	2206262	2.667639824593948e-07	4	0.0011081695556640625	Needles1	
249	3.142	3616.0	FALSE	6873894	2.333250904440476e-05	4	0.011503934860229492	Needles1	
250	3.142	1464.0	FALSE	2528611	3.824769755356172e-05	4	0.00463104248046875	Needles1	
251	3.142	721.0	FALSE	8506539	1.9546845729578877e-05	4	0.004548311233520508	Needles1	
252	3.142	699.0	FALSE	7726727	1.961988213494692e-05	4	0.002347230911254883	Needles1	
253	3.142	1065.0	FALSE	4664890	2.667639824593948e-07	4	0.003412961959838867	Needles1	
254	3.142	732.0	FALSE	7319508	3.824769755356172e-05	4	0.003754854202270508	Needles1	
255	3.142	1376.0	FALSE	3842985	4.0142174475121806e-05	4	0.006469249725341797	Needles1	
256	3.142	355.0	FALSE	1789010	2.667639824593948e-07	4	0.0011110305786132812	Needles1	
257	3.142	366.0	FALSE	5107181	3.824769755356172e-05	4	0.0011363029479980469	Needles1	
258	3.142	4271.0	FALSE	1941666	3.5214743618894317e-06	4	0.017628908157348633	Needles1	
259	3.142	2397.0	FALSE	9142202	4.6126722372363815e-05	4	0.007961750030517578	Needles1	
260	3.142	3506.0	FALSE	4854768	1.559265810024968e-05	4	0.011811971664428711	Needles1	
261	3.142	1742.0	FALSE	4367900	2.3672525978568615e-05	4	0.006261110305786133	Needles1	
262	3.142	699.0	FALSE	4042018	1.961988213494692e-05	4	0.0021789073944091797	Needles1	
263	3.142	1764.0	FALSE	3690858	7.613518762106253e-06	4	0.0055539608001708984	Needles1	
264	3.142	2752.0	FALSE	4535148	4.0142174475121806e-05	4	0.009843111038208008	Needles1	
265	3.142	1830.0	FALSE	6804632	3.824769755356172e-05	4	0.005670070648193359	Needles1	
266	3.142	710.0	FALSE	6813257	2.667639824593948e-07	4	0.0022351741790771484	Needles1	
267	3.142	2939.0	FALSE	6087187	4.283545329242244e-05	4	0.009639263153076172	Needles1	
268	3.142	4381.0	FALSE	2067357	3.517000268526971e-05	4	0.01580500602722168	Needles1	
269	3.142	1032.0	FALSE	1952374	4.0142174475121806e-05	4	0.004614114761352539	Needles1	
270	3.142	2086.0	FALSE	9878217	2.6388529759113766e-05	4	0.006464958190917969	Needles1	
271	3.142	1464.0	FALSE	361939	3.824769755356172e-05	4	0.004613161087036133	Needles1	
272	3.142	3806.0	FALSE	8080835	3.260406461835785e-05	4	0.01608109474182129	Needles1	
273	3.142	699.0	FALSE	3621176	1.961988213494692e-05	4	0.0025479793548583984	Needles1	
274	3.142	355.0	FALSE	1526805	2.667639824593948e-07	4	0.0012440681457519531	Needles1	
275	3.142	2163.0	FALSE	8055812	1.9546845729578877e-05	4	0.00856781005859375	Needles1	
276	3.142	1475.0	FALSE	4874336	4.738900850886907e-05	4	0.006780862808227539	Needles1	
277	3.142	710.0	FALSE	7929514	2.667639824593948e-07	4	0.0025949478149414062	Needles1	
278	3.142	3784.0	FALSE	2151567	4.0142174475121806e-05	4	0.013708829879760742	Needles1	
279	3.142	2774.0	FALSE	5423721	2.9799682865316868e-05	4	0.01020193099975586	Needles1	
280	3.142	710.0	FALSE	5123949	2.667639824593948e-07	4	0.002196788787841797	Needles1	
281	3.142	1830.0	FALSE	5308002	3.824769755356172e-05	4	0.005784749984741211	Needles1	
282	3.142	1032.0	FALSE	8953837	4.0142174475121806e-05	4	0.0032608509063720703	Needles1	
283	3.142	1376.0	FALSE	4144049	4.0142174475121806e-05	4	0.0043048858642578125	Needles1	
284	3.142	710.0	FALSE	4434678	2.667639824593948e-07	4	0.0022809505462646484	Needles1	
285	3.142	3129.0	FALSE	9141486	2.6388529759113766e-05	4	0.010023117065429688	Needles1	
286	3.142	4981.0	FALSE	5615090	3.0575421350320653e-06	4	0.01596212387084961	Needles1	
287	3.142	732.0	FALSE	6706865	3.824769755356172e-05	4	0.0022940635681152344	Needles1	
288	3.142	1098.0	FALSE	8317591	3.824769755356172e-05	4	0.003442049026489258	Needles1	
289	3.142	3528.0	FALSE	5618359	7.613518762106253e-06	4	0.012239933013916016	Needles1	
290	3.142	344.0	FALSE	7766133	4.0142174475121806e-05	4	0.0017092227935791016	Needles1	
291	3.142	1076.0	FALSE	4627279	1.3185826058137451e-05	4	0.004866600036621094	Needles1	
292	3.142	1753.0	FALSE	8629395	1.559265810024968e-05	4	0.00649714469909668	Needles1	
293	3.142	721.0	FALSE	9869348	1.9546845729578877e-05	4	0.002584695816040039	Needles1	
294	3.142	1742.0	FALSE	5281057	2.3672525978568615e-05	4	0.006379842758178711	Needles1	
295	3.142	732.0	FALSE	6706360	3.824769755356172e-05	4	0.0022928714752197266	Needles1	
296	3.142	3484.0	FALSE	651379	2.3672525978568615e-05	4	0.010952949523925781	Needles1	
297	3.142	688.0	FALSE	2080308	4.0142174475121806e-05	4	0.0021691322326660156	Needles1	
298	3.142	2196.0	FALSE	8099063	3.824769755356172e-05	4	0.006886959075927734	Needles1	
299	3.142	344.0	FALSE	6178653	4.0142174475121806e-05	4	0.0010950565338134766	Needles1	
300	3.1416	4260.0	FALSE	9546978	2.667639824593948e-07	5	0.013856172561645508	Needles1	
301	3.1416	13856.0	FALSE	8942320	1.270001429354295e-06	5	0.04832315444946289	Needles1	
302	3.1416	6734.0	FALSE	9853243	1.79751348960977e-06	5	0.021507740020751953	Needles1	
303	3.1416	17051.0	FALSE	2133812	1.0820157116953055e-06	5	0.05365610122680664	Needles1	
304	3.1416	6013.0	FALSE	6430511	4.356829289342556e-06	5	0.019745826721191406	Needles1	
305	3.1416	8143.0	FALSE	4851039	3.1474171606760137e-06	5	0.032765865325927734	Needles1	
306	3.1416	6390.0	FALSE	1320983	2.667639824593948e-07	5	0.023328065872192383	Needles1	
307	3.1416	8176.0	FALSE	3467058	1.966967156707966e-06	5	0.02836298942565918	Needles1	
308	3.1416	2130.0	FALSE	172409	2.667639824593948e-07	5	0.006740093231201172	Needles1	
309	3.1416	2840.0	FALSE	8038600	2.667639824593948e-07	5	0.009065866470336914	Needles1	
310	3.1416	4970.0	FALSE	3135145	2.667639824593948e-07	5	0.015743017196655273	Needles1	
311	3.1416	3894.0	FALSE	507103	3.3030454256177677e-06	5	0.01627206802368164	Needles1	
312	3.1416	5669.0	FALSE	3507486	2.1853162399665393e-06	5	0.022423744201660156	Needles1	
313	3.1416	3550.0	FALSE	8779923	2.667639824593948e-07	5	0.011388063430786133	Needles1	
314	3.1416	6401.0	FALSE	5695711	2.4384345396200047e-06	5	0.022322893142700195	Needles1	
315	3.1416	6412.0	FALSE	1566761	4.602656937802152e-06	5	0.022175073623657227	Needles1	
316	3.1416	1420.0	FALSE	6143191	2.667639824593948e-07	5	0.0044710636138916016	Needles1	
317	3.1416	2130.0	FALSE	7073336	2.667639824593948e-07	5	0.007816791534423828	Needles1	
318	3.1416	2485.0	FALSE	7595763	2.667639824593948e-07	5	0.01076507568359375	Needles1	
319	3.1416	710.0	FALSE	166541	2.667639824593948e-07	5	0.002707242965698242	Needles1	
320	3.1416	9907.0	FALSE	4218818	3.942633919340466e-06	5	0.03136396408081055	Needles1	
321	3.1416	10295.0	FALSE	3402185	2.667639824593948e-07	5	0.035881996154785156	Needles1	
322	3.1416	11316.0	FALSE	3644254	4.6469270351678915e-06	5	0.0372920036315918	Needles1	
323	3.1416	8842.0	FALSE	532233	4.449646137771879e-06	5	0.028359174728393555	Needles1	
324	3.1416	3539.0	FALSE	3126563	3.661135494770207e-06	5	0.01120305061340332	Needles1	
325	3.1416	6368.0	FALSE	9645813	4.099075940011687e-06	5	0.02015995979309082	Needles1	
326	3.1416	7111.0	FALSE	9242692	2.2216032848909606e-06	5	0.025357961654663086	Needles1	
327	3.1416	4604.0	FALSE	2544178	2.752532340721814e-06	5	0.01686716079711914	Needles1	
328	3.1416	10628.0	FALSE	4964016	2.349126506207e-06	5	0.03880000114440918	Needles1	
329	3.1416	5314.0	FALSE	9440742	2.349126506207e-06	5	0.016548871994018555	Needles1	
330	3.1416	17062.0	FALSE	8057600	1.8962166654645785e-06	5	0.055307865142822266	Needles1	
331	3.1416	8509.0	FALSE	8715084	1.366899950117073e-06	5	0.03168892860412598	Needles1	
332	3.1416	1420.0	FALSE	2389321	2.667639824593948e-07	5	0.004548072814941406	Needles1	
333	3.1416	6024.0	FALSE	2064922	2.040812946635384e-06	5	0.01909613609313965	Needles1	
334	3.1416	8520.0	FALSE	910043	2.667639824593948e-07	5	0.031042814254760742	Needles1	
335	3.1416	6368.0	FALSE	4076922	4.099075940011687e-06	5	0.04308199882507324	Needles1	
336	3.1416	7455.0	FALSE	5280537	2.667639824593948e-07	5	0.026604652404785156	Needles1	
337	3.1416	3550.0	FALSE	6147776	2.667639824593948e-07	5	0.013008832931518555	Needles1	
338	3.1416	2840.0	FALSE	2518061	2.667639824593948e-07	5	0.009172201156616211	Needles1	
339	3.1416	5669.0	FALSE	4724120	2.1853162399665393e-06	5	0.02179098129272461	Needles1	
340	3.1416	14555.0	FALSE	174226	2.667639824593948e-07	5	0.05028581619262695	Needles1	
341	3.1416	7466.0	FALSE	1985272	2.128652794031183e-06	5	0.024203777313232422	Needles1	
342	3.1416	4271.0	FALSE	9374617	3.5214743618894317e-06	5	0.013788938522338867	Needles1	
343	3.1416	355.0	FALSE	9856807	2.667639824593948e-07	5	0.0011570453643798828	Needles1	
344	3.1416	4626.0	FALSE	806488	3.2717071136723064e-06	5	0.016997814178466797	Needles1	
345	3.1416	6013.0	FALSE	8944666	4.356829289342556e-06	5	0.018954038619995117	Needles1	
346	3.1416	5303.0	FALSE	1765795	4.9758648814624e-06	5	0.016718149185180664	Needles1	
347	3.1416	3195.0	FALSE	4060169	2.667639824593948e-07	5	0.010004043579101562	Needles1	
348	3.1416	3539.0	FALSE	986181	3.661135494770207e-06	5	0.011873960494995117	Needles1	
349	3.1416	8875.0	FALSE	9367171	2.667639824593948e-07	5	0.028984785079956055	Needles1	
350	3.1416	1420.0	FALSE	3412406	2.667639824593948e-07	5	0.006735086441040039	Needles1	
351	3.1416	2840.0	FALSE	7222610	2.667639824593948e-07	5	0.011838912963867188	Needles1	
352	3.1416	7788.0	FALSE	4528831	3.3030454256177677e-06	5	0.028162002563476562	Needles1	
353	3.1416	3550.0	FALSE	988560	2.667639824593948e-07	5	0.012527227401733398	Needles1	
354	3.1416	17040.0	FALSE	6342493	2.667639824593948e-07	5	0.06429290771484375	Needles1	
355	3.1416	13102.0	FALSE	444127	2.9161484462747467e-06	5	0.04152393341064453	Needles1	
356	3.1416	7799.0	FALSE	2614006	1.5156242398894904e-06	5	0.025960922241210938	Needles1	
357	3.1416	2130.0	FALSE	4292373	2.667639824593948e-07	5	0.009019851684570312	Needles1	
358	3.1416	3206.0	FALSE	3015552	4.602656937802152e-06	5	0.011861085891723633	Needles1	
359	3.1416	3539.0	FALSE	5368256	3.661135494770207e-06	5	0.011101007461547852	Needles1	
360	3.1416	710.0	FALSE	2387225	2.667639824593948e-07	5	0.002340078353881836	Needles1	
361	3.1416	4604.0	FALSE	2653537	2.752532340721814e-06	5	0.01738286018371582	Needles1	
362	3.1416	1065.0	FALSE	6659070	2.667639824593948e-07	5	0.0034749507904052734	Needles1	
363	3.1416	3561.0	FALSE	7092897	4.170406470827004e-06	5	0.011266946792602539	Needles1	
364	3.1416	7832.0	FALSE	3132139	3.816526325639558e-06	5	0.03236889839172363	Needles1	
365	3.1416	710.0	FALSE	7265640	2.667639824593948e-07	5	0.0031533241271972656	Needles1	
366	3.1416	4604.0	FALSE	7045064	2.752532340721814e-06	5	0.014660835266113281	Needles1	
367	3.1416	710.0	FALSE	6518804	2.667639824593948e-07	5	0.002231121063232422	Needles1	
368	3.1416	3539.0	FALSE	3978573	3.661135494770207e-06	5	0.011233091354370117	Needles1	
369	3.1416	4615.0	FALSE	6140158	2.667639824593948e-07	5	0.014402151107788086	Needles1	
370	3.1416	6745.0	FALSE	7623993	2.667639824593948e-07	5	0.0269927978515625	Needles1	
371	3.1416	9552.0	FALSE	3665036	4.099075940011687e-06	5	0.031575918197631836	Needles1	
372	3.1416	13135.0	FALSE	9318624	2.667639824593948e-07	5	0.04740285873413086	Needles1	
373	3.1416	19448.0	FALSE	692136	4.7366204500853826e-06	5	0.06662893295288086	Needles1	
374	3.1416	6390.0	FALSE	5711023	2.667639824593948e-07	5	0.02218484878540039	Needles1	
375	3.1416	710.0	FALSE	6453787	2.667639824593948e-07	5	0.0032079219818115234	Needles1	
376	3.1416	355.0	FALSE	162457	2.667639824593948e-07	5	0.0016329288482666016	Needles1	
377	3.1416	11316.0	FALSE	4820827	4.6469270351678915e-06	5	0.04103207588195801	Needles1	
378	3.1416	6390.0	FALSE	2216325	2.667639824593948e-07	5	0.02000880241394043	Needles1	
379	3.1416	3550.0	FALSE	8290673	2.667639824593948e-07	5	0.012317895889282227	Needles1	
380	3.1416	6024.0	FALSE	3503434	2.040812946635384e-06	5	0.02216506004333496	Needles1	
381	3.1416	3550.0	FALSE	5253283	2.667639824593948e-07	5	0.012922048568725586	Needles1	
382	3.1416	5314.0	FALSE	843785	2.349126506207e-06	5	0.017637252807617188	Needles1	
383	3.1416	7089.0	FALSE	3289291	1.6941395237779489e-06	5	0.025472164154052734	Needles1	
384	3.1416	4959.0	FALSE	2755837	2.5363901268171674e-06	5	0.016909122467041016	Needles1	
385	3.1416	12114.0	FALSE	4756188	4.8567834438628665e-06	5	0.038069963455200195	Needles1	
386	3.1416	3561.0	FALSE	5054384	4.170406470827004e-06	5	0.014527082443237305	Needles1	
387	3.1416	355.0	FALSE	9320127	2.667639824593948e-07	5	0.0011761188507080078	Needles1	
388	3.1416	2485.0	FALSE	2770838	2.667639824593948e-07	5	0.010704994201660156	Needles1	
389	3.1416	6013.0	FALSE	9562894	4.356829289342556e-06	5	0.018795013427734375	Needles1	
390	3.1416	16286.0	FALSE	9019787	3.1474171606760137e-06	5	0.05573296546936035	Needles1	
391	3.1416	5658.0	FALSE	2326659	4.6469270351678915e-06	5	0.018585205078125	Needles1	
392	3.1416	9907.0	FALSE	896559	3.942633919340466e-06	5	0.03103804588317871	Needles1	
393	3.1416	9907.0	FALSE	2583705	3.942633919340466e-06	5	0.03596687316894531	Needles1	
394	3.1416	11349.0	FALSE	8812838	9.580882700532811e-07	5	0.03573894500732422	Needles1	
395	3.1416	710.0	FALSE	9740167	2.667639824593948e-07	5	0.002470731735229492	Needles1	
396	3.1416	12026.0	FALSE	3617438	4.356829289342556e-06	5	0.038321733474731445	Needles1	
397	3.1416	18449.0	FALSE	2734988	4.867104768102593e-07	5	0.058380126953125	Needles1	
398	3.1416	710.0	FALSE	1482718	2.667639824593948e-07	5	0.002274036407470703	Needles1	
399	3.1416	13501.0	FALSE	3853370	1.296380913284878e-06	5	0.04694032669067383	Needles1	
400	3.14159	24140.0	FALSE	6751320	2.667639824593948e-07	6	0.08092904090881348	Needles1	
401	3.14159	40825.0	FALSE	9167951	2.667639824593948e-07	6	0.14588212966918945	Needles1	
402	3.14159	710.0	FALSE	5954623	2.667639824593948e-07	6	0.0022797584533691406	Needles1	
403	3.14159	2130.0	FALSE	9774273	2.667639824593948e-07	6	0.0070650577545166016	Needles1	
404	3.14159	33004.0	FALSE	5803521	1.5442289713618607e-07	6	0.11858487129211426	Needles1	
405	3.14159	12425.0	FALSE	7180148	2.667639824593948e-07	6	0.046439170837402344	Needles1	
406	3.14159	20224.0	FALSE	3642531	4.2058029148250853e-07	6	0.0691690444946289	Needles1	
407	3.14159	1420.0	FALSE	7137433	2.667639824593948e-07	6	0.0044400691986083984	Needles1	
408	3.14159	37963.0	FALSE	9666831	4.655727874336435e-07	6	0.1322488784790039	Needles1	
409	3.14159	4260.0	FALSE	3721191	2.667639824593948e-07	6	0.01752018928527832	Needles1	
410	3.14159	15265.0	FALSE	8272264	2.667639824593948e-07	6	0.053431034088134766	Needles1	
411	3.14159	40803.0	FALSE	5102682	4.1460016309002867e-07	6	0.13379406929016113	Needles1	
412	3.14159	4260.0	FALSE	7747502	2.667639824593948e-07	6	0.0133819580078125	Needles1	
413	3.14159	9230.0	FALSE	2117391	2.667639824593948e-07	6	0.028892040252685547	Needles1	
414	3.14159	1065.0	FALSE	794082	2.667639824593948e-07	6	0.0034520626068115234	Needles1	
415	3.14159	36565.0	FALSE	4869927	2.667639824593948e-07	6	0.12964081764221191	Needles1	
416	3.14159	13490.0	FALSE	5695907	2.667639824593948e-07	6	0.04582500457763672	Needles1	
417	3.14159	3905.0	FALSE	3732137	2.667639824593948e-07	6	0.014438867568969727	Needles1	
418	3.14159	21999.0	FALSE	5998217	3.651215960687182e-07	6	0.08434820175170898	Needles1	
419	3.14159	11360.0	FALSE	9442419	2.667639824593948e-07	6	0.040273189544677734	Needles1	
420	3.14159	4260.0	FALSE	2579112	2.667639824593948e-07	6	0.013366222381591797	Needles1	
421	3.14159	6390.0	FALSE	308064	2.667639824593948e-07	6	0.026615142822265625	Needles1	
422	3.14159	355.0	FALSE	8065621	2.667639824593948e-07	6	0.0011138916015625	Needles1	
423	3.14159	2840.0	FALSE	8572125	2.667639824593948e-07	6	0.00911092758178711	Needles1	
424	3.14159	23430.0	FALSE	5566418	2.667639824593948e-07	6	0.07584619522094727	Needles1	
425	3.14159	7455.0	FALSE	4964572	2.667639824593948e-07	6	0.023782968521118164	Needles1	
426	3.14159	36543.0	FALSE	1500299	4.940301652212042e-07	6	0.12898898124694824	Needles1	
427	3.14159	18815.0	FALSE	9114146	2.667639824593948e-07	6	0.0591740608215332	Needles1	
428	3.14159	13845.0	FALSE	8673521	2.667639824593948e-07	6	0.0491788387298584	Needles1	
429	3.14159	24850.0	FALSE	8518580	2.667639824593948e-07	6	0.07922196388244629	Needles1	
430	3.14159	27690.0	FALSE	873895	2.667639824593948e-07	6	0.10012006759643555	Needles1	
431	3.14159	43643.0	FALSE	7705817	3.702614654876868e-07	6	0.14791488647460938	Needles1	
432	3.14159	38673.0	FALSE	9493840	4.5212777433079054e-07	6	0.13226795196533203	Needles1	
433	3.14159	7100.0	FALSE	9503272	2.667639824593948e-07	6	0.022359132766723633	Needles1	
434	3.14159	30519.0	FALSE	9055254	1.8871790175012393e-07	6	0.10446906089782715	Needles1	
435	3.14159	4970.0	FALSE	8939049	2.667639824593948e-07	6	0.015587806701660156	Needles1	
436	3.14159	6035.0	FALSE	601403	2.667639824593948e-07	6	0.0189361572265625	Needles1	
437	3.14159	47193.0	FALSE	5524182	3.2234249625062716e-07	6	0.15907573699951172	Needles1	
438	3.14159	37275.0	FALSE	8318034	2.667639824593948e-07	6	0.12049102783203125	Needles1	
439	3.14159	5680.0	FALSE	4562430	2.667639824593948e-07	6	0.017514944076538086	Needles1	
440	3.14159	355.0	FALSE	8156502	2.667639824593948e-07	6	0.0010960102081298828	Needles1	
441	3.14159	23419.0	FALSE	3917964	3.2680751971270183e-07	6	0.07922196388244629	Needles1	
442	3.14159	3195.0	FALSE	5402871	2.667639824593948e-07	6	0.010087966918945312	Needles1	
443	3.14159	6390.0	FALSE	1312998	2.667639824593948e-07	6	0.020235061645507812	Needles1	
444	3.14159	19170.0	FALSE	7290994	2.667639824593948e-07	6	0.06025981903076172	Needles1	
445	3.14159	31229.0	FALSE	9935758	1.783623959639158e-07	6	0.09988713264465332	Needles1	
446	3.14159	39028.0	FALSE	586534	4.4558871215016893e-07	6	0.1369318962097168	Needles1	
447	3.14159	1420.0	FALSE	2766337	2.667639824593948e-07	6	0.006022930145263672	Needles1	
448	3.14159	30519.0	FALSE	8524656	1.8871790175012393e-07	6	0.10085725784301758	Needles1	
449	3.14159	21999.0	FALSE	3835081	3.651215960687182e-07	6	0.0771341323852539	Needles1	
450	3.14159	35489.0	FALSE	1986800	1.2493068091146142e-07	6	0.11594772338867188	Needles1	
451	3.14159	1420.0	FALSE	9075539	2.667639824593948e-07	6	0.004451274871826172	Needles1	
452	3.14159	40104.0	FALSE	1244785	7.985610794847275e-08	6	0.13849496841430664	Needles1	
453	3.14159	1420.0	FALSE	8806895	2.667639824593948e-07	6	0.004476070404052734	Needles1	
454	3.14159	1775.0	FALSE	5700097	2.667639824593948e-07	6	0.005825996398925781	Needles1	
455	3.14159	6390.0	FALSE	5046575	2.667639824593948e-07	6	0.021070003509521484	Needles1	
456	3.14159	1420.0	FALSE	9316828	2.667639824593948e-07	6	0.0044558048248291016	Needles1	
457	3.14159	3195.0	FALSE	6801046	2.667639824593948e-07	6	0.010275840759277344	Needles1	
458	3.14159	15975.0	FALSE	5013856	2.667639824593948e-07	6	0.05012106895446777	Needles1	
459	3.14159	7455.0	FALSE	6494702	2.667639824593948e-07	6	0.023144006729125977	Needles1	
460	3.14159	7455.0	FALSE	1274368	2.667639824593948e-07	6	0.02336406707763672	Needles1	
461	3.14159	4615.0	FALSE	9973705	2.667639824593948e-07	6	0.02076411247253418	Needles1	
462	3.14159	355.0	FALSE	2266846	2.667639824593948e-07	6	0.001798868179321289	Needles1	
463	3.14159	12070.0	FALSE	5874561	2.667639824593948e-07	6	0.04681992530822754	Needles1	
464	3.14159	49678.0	FALSE	1422844	2.928741333896312e-07	6	0.16978096961975098	Needles1	
465	3.14159	45429.0	FALSE	3498109	3.922673474932026e-08	6	0.16163206100463867	Needles1	
466	3.14159	1420.0	FALSE	3243724	2.667639824593948e-07	6	0.004492998123168945	Needles1	
467	3.14159	12070.0	FALSE	3353234	2.667639824593948e-07	6	0.04288983345031738	Needles1	
468	3.14159	8165.0	FALSE	7151092	2.667639824593948e-07	6	0.03078293800354004	Needles1	
469	3.14159	40825.0	FALSE	8261195	2.667639824593948e-07	6	0.13316035270690918	Needles1	
470	3.14159	3550.0	FALSE	6102317	2.667639824593948e-07	6	0.011104345321655273	Needles1	
471	3.14159	10295.0	FALSE	3807480	2.667639824593948e-07	6	0.03702902793884277	Needles1	
472	3.14159	9230.0	FALSE	4167415	2.667639824593948e-07	6	0.03379702568054199	Needles1	
473	3.14159	8165.0	FALSE	2028300	2.667639824593948e-07	6	0.027856826782226562	Needles1	
474	3.14159	15975.0	FALSE	1405383	2.667639824593948e-07	6	0.04965090751647949	Needles1	
475	3.14159	3905.0	FALSE	8507840	2.667639824593948e-07	6	0.012253999710083008	Needles1	
476	3.14159	12780.0	FALSE	4647844	2.667639824593948e-07	6	0.04006624221801758	Needles1	
477	3.14159	37630.0	FALSE	5955754	2.667639824593948e-07	6	0.12412905693054199	Needles1	
478	3.14159	10295.0	FALSE	5047678	2.667639824593948e-07	6	0.03228187561035156	Needles1	
479	3.14159	2130.0	FALSE	3268788	2.667639824593948e-07	6	0.006607770919799805	Needles1	
480	3.14159	1775.0	FALSE	4331115	2.667639824593948e-07	6	0.0056819915771484375	Needles1	
481	3.14159	6390.0	FALSE	3093052	2.667639824593948e-07	6	0.02722787857055664	Needles1	
482	3.14159	8165.0	FALSE	2260589	2.667639824593948e-07	6	0.025624990463256836	Needles1	
483	3.14159	37619.0	FALSE	709567	1.0275280448723834e-07	6	0.13118791580200195	Needles1	
484	3.14159	19514.0	FALSE	7789666	4.4558871215016893e-07	6	0.06727385520935059	Needles1	
485	3.14159	26625.0	FALSE	9185176	2.667639824593948e-07	6	0.08333015441894531	Needles1	
486	3.14159	3195.0	FALSE	466221	2.667639824593948e-07	6	0.010111808776855469	Needles1	
487	3.14159	4615.0	FALSE	9085273	2.667639824593948e-07	6	0.014320135116577148	Needles1	
488	3.14159	26614.0	FALSE	158653	2.555495113298889e-07	6	0.08377313613891602	Needles1	
489	3.14159	42245.0	FALSE	4424662	2.667639824593948e-07	6	0.14319324493408203	Needles1	
490	3.14159	4970.0	FALSE	1919715	2.667639824593948e-07	6	0.015722990036010742	Needles1	
491	3.14159	2485.0	FALSE	5673648	2.667639824593948e-07	6	0.007868766784667969	Needles1	
492	3.14159	4615.0	FALSE	4110341	2.667639824593948e-07	6	0.014482975006103516	Needles1	
493	3.14159	19170.0	FALSE	2409997	2.667639824593948e-07	6	0.06707501411437988	Needles1	
494	3.14159	3195.0	FALSE	2311771	2.667639824593948e-07	6	0.010253190994262695	Needles1	
495	3.14159	5680.0	FALSE	2902076	2.667639824593948e-07	6	0.01766824722290039	Needles1	
496	3.14159	710.0	FALSE	4758128	2.667639824593948e-07	6	0.002299070358276367	Needles1	
497	3.14159	49323.0	FALSE	9606809	2.9690210201493983e-07	6	0.18068408966064453	Needles1	
498	3.14159	1065.0	FALSE	4387231	2.667639824593948e-07	6	0.003902912139892578	Needles1	
499	3.14159	18105.0	FALSE	6835525	2.667639824593948e-07	6	0.05906105041503906	Needles1	
500	3.141593	91213.0	FALSE	2981052	3.8035822047532974e-08	7	0.2991511821746826	Needles1	
501	3.141593	53239.0	FALSE	8992177	5.661172863824504e-09	7	0.20554709434509277	Needles1	
502	3.141593	88018.0	FALSE	6119332	4.909986905943242e-08	7	0.2858870029449463	Needles1	
503	3.141593	51109.0	FALSE	3260696	5.220451626541944e-09	7	0.17642617225646973	Needles1	
504	3.141593	45429.0	FALSE	7928482	3.922673474932026e-08	7	0.15023183822631836	Needles1	
505	3.141593	62824.0	FALSE	1544344	4.5497385858794814e-08	7	0.22021198272705078	Needles1	
506	3.141593	51819.0	FALSE	8773155	1.493846824018874e-09	7	0.1739809513092041	Needles1	
507	3.141593	61759.0	FALSE	9696279	4.168176515051414e-08	7	0.19620084762573242	Needles1	
508	3.141593	51109.0	FALSE	2329789	5.220451626541944e-09	7	0.16542720794677734	Needles1	
509	3.141593	56789.0	FALSE	2106180	2.1983257880719975e-08	7	0.19647908210754395	Needles1	
510	3.141593	50754.0	FALSE	8310029	7.122852530017099e-09	7	0.1735689640045166	Needles1	
511	3.141593	61759.0	FALSE	5178340	4.168176515051414e-08	7	0.20912694931030273	Needles1	
512	3.141593	89083.0	FALSE	289597	4.5323671926666975e-08	7	0.2969658374786377	Needles1	
513	3.141593	56079.0	FALSE	2938742	1.888416045758845e-08	7	0.20567822456359863	Needles1	
514	3.141593	96893.0	FALSE	7622015	2.0168042791368634e-08	7	0.3177490234375	Needles1	
515	3.141593	99378.0	FALSE	8242923	1.2993154996365774e-08	7	0.5042128562927246	Needles1	
516	3.141593	88018.0	FALSE	8655828	4.909986905943242e-08	7	0.3200528621673584	Needles1	
517	3.141593	44364.0	FALSE	9809099	4.657233176885711e-08	7	0.15501689910888672	Needles1	
518	3.141593	45784.0	FALSE	2066539	3.685414373677531e-08	7	0.17633819580078125	Needles1	
519	3.141593	63534.0	FALSE	2186847	4.7970066141544976e-08	7	0.21896600723266602	Needles1	
520	3.141593	46849.0	FALSE	2140665	2.995211234591011e-08	7	0.17277979850769043	Needles1	
521	3.141593	60694.0	FALSE	4475923	3.773223911096579e-08	7	0.22386598587036133	Needles1	
522	3.141593	53594.0	FALSE	4288206	7.3906853970129305e-09	7	0.25844788551330566	Needles1	
523	3.141593	54659.0	FALSE	8256338	1.244442815462321e-08	7	0.21680998802185059	Needles1	
524	3.141593	47204.0	FALSE	4560734	2.7720644446560527e-08	7	0.16600894927978516	Needles1	
525	3.141593	58564.0	FALSE	3733130	2.940224863579033e-08	7	0.22040915489196777	Needles1	
526	3.141593	62114.0	FALSE	9684917	4.296817701643363e-08	7	0.23918604850769043	Needles1	
527	3.141593	54304.0	FALSE	7697563	1.0781872283871508e-08	7	0.2756826877593994	Needles1	
528	3.141593	47204.0	FALSE	5526268	2.7720644446560527e-08	7	0.16977787017822266	Needles1	
529	3.141593	49689.0	FALSE	5597546	1.2993154996365774e-08	7	0.17540812492370605	Needles1	
530	3.141593	47204.0	FALSE	2972952	2.7720644446560527e-08	7	0.15650296211242676	Needles1	
531	3.141593	48979.0	FALSE	1024734	1.7048516376405587e-08	7	0.1760110855102539	Needles1	
532	3.141593	91213.0	FALSE	1170268	3.8035822047532974e-08	7	0.3194291591644287	Needles1	
533	3.141593	99378.0	FALSE	811781	1.2993154996365774e-08	7	0.32784509658813477	Needles1	
534	3.141593	48979.0	FALSE	4934016	1.7048516376405587e-08	7	0.1686561107635498	Needles1	
535	3.141593	57144.0	FALSE	9147918	2.3503927693013793e-08	7	0.197890043258667	Needles1	
536	3.141593	46494.0	FALSE	7442131	3.2217656542599116e-08	7	0.16020703315734863	Needles1	
537	3.141593	58919.0	FALSE	6723946	3.083240507351093e-08	7	0.19872188568115234	Needles1	
538	3.141593	97958.0	FALSE	2832944	1.7048516376405587e-08	7	0.3308563232421875	Needles1	
539	3.141593	44009.0	FALSE	1645270	4.909986905943242e-08	7	0.1436920166015625	Needles1	
540	3.141593	95118.0	FALSE	8618196	2.5522489899287848e-08	7	0.31221985816955566	Needles1	
541	3.141593	49334.0	FALSE	6347233	1.5006244691306847e-08	7	0.17540383338928223	Needles1	
542	3.141593	47559.0	FALSE	8742711	2.5522489899287848e-08	7	0.16562891006469727	Needles1	
543	3.141593	99733.0	FALSE	7916506	1.1997358662085844e-08	7	0.34836792945861816	Needles1	
544	3.141593	89083.0	FALSE	1756191	4.5323671926666975e-08	7	0.328294038772583	Needles1	
545	3.141593	49689.0	FALSE	3664713	1.2993154996365774e-08	7	0.16969919204711914	Needles1	
546	3.141593	95473.0	FALSE	8786082	2.443567304055705e-08	7	0.3276979923248291	Needles1	
547	3.141593	99378.0	FALSE	7192225	1.2993154996365774e-08	7	0.33970212936401367	Needles1	
548	3.141593	95828.0	FALSE	3831310	2.335690840737925e-08	7	0.32924389839172363	Needles1	
549	3.141593	47204.0	FALSE	3642258	2.7720644446560527e-08	7	0.1627819538116455	Needles1	
550	3.141593	51109.0	FALSE	1026449	5.220451626541944e-09	7	0.1808021068572998	Needles1	
551	3.141593	57144.0	FALSE	3072762	2.3503927693013793e-08	7	0.19450592994689941	Needles1	
552	3.141593	59629.0	FALSE	5877433	3.364163259078623e-08	7	0.2076869010925293	Needles1	
553	3.141593	63179.0	FALSE	3910860	4.6740673109724185e-08	7	0.21730995178222656	Needles1	
554	3.141593	98313.0	FALSE	4487820	1.6023693483191437e-08	7	0.34322214126586914	Needles1	
555	3.141593	61404.0	FALSE	2079554	4.038047896059993e-08	7	0.21575021743774414	Needles1	
556	3.141593	88373.0	FALSE	6448241	4.783102403038697e-08	7	0.3215939998626709	Needles1	
557	3.141593	44364.0	FALSE	2378971	4.657233176885711e-08	7	0.18769502639770508	Needles1	
558	3.141593	45784.0	FALSE	2093389	3.685414373677531e-08	7	0.17271924018859863	Needles1	
